City,Lat,Lng,Max Temp,Humidty,Cloudiness,Wind Speed,County,Date
Valparaíso,-33.0393,-71.6273,285.64,84,90,3.09,CL,1627254231
Presidencia Roque Sáenz Peña,-26.7852,-60.4388,297.38,48,87,4.24,AR,1627254231
Belyy Yar,53.6039,91.3903,293.09,88,0,2.0,RU,1627254232
Lebu,-37.6167,-73.65,282.85,89,65,8.21,CL,1627254232
Rikitea,-23.1203,-134.9692,294.85,68,15,2.33,PF,1627254233
Cherskiy,68.75,161.3,284.21,52,9,3.64,RU,1627254233
Tiksi,71.6872,128.8694,282.46,92,100,3.16,RU,1627254234
Punta Arenas,-53.15,-70.9167,274.88,74,47,3.9,CL,1627254234
Hinton,53.4001,-117.5857,287.67,90,100,1.22,CA,1627254020
Vaini,-21.2,-175.2,300.24,83,40,2.57,TO,1627254235
Guerrero Negro,27.9769,-114.0611,297.94,60,42,6.78,MX,1627254235
Mehtar Lām,34.6714,70.2094,305.21,45,0,0.85,AF,1627254236
Bluff,-46.6,168.3333,281.37,85,100,1.64,NZ,1627254236
Atar,20.5169,-13.0499,306.3,28,98,6.59,MR,1627254236
Pevek,69.7008,170.3133,274.95,90,100,3.87,RU,1627254237
Clyde River,70.4692,-68.5914,274.28,100,90,2.57,CA,1627254196
Laurentides,46.4334,-74.9826,293.63,74,70,1.29,CA,1627254237
George Town,5.4112,100.3354,301.42,88,20,0.0,MY,1627254084
Kuvandyk,51.4781,57.3552,286.68,65,0,2.74,RU,1627254238
Hobart,-42.8794,147.3294,281.51,73,20,1.34,AU,1627254027
Lethem,3.3803,-59.7968,297.69,90,96,2.21,GY,1627254239
Garden City,42.3256,-83.331,304.29,40,71,3.22,US,1627254024
Inírida,3.8653,-67.9239,296.61,96,100,1.14,CO,1627254239
Cayenne,4.9333,-52.3333,299.17,91,75,1.03,GF,1627254240
Avarua,-21.2078,-159.775,299.18,78,40,4.12,CK,1627254240
Margate,51.3813,1.3862,291.65,91,66,1.34,GB,1627254058
Port Alfred,-33.5906,26.891,289.07,35,58,4.68,ZA,1627254241
Leningradskiy,69.3833,178.4167,277.6,85,99,2.33,RU,1627254241
Kapaa,22.0752,-159.319,303.14,80,75,0.89,US,1627254242
Ilulissat,69.2167,-51.1,284.16,43,100,5.66,GL,1627254242
Dingle,10.9995,122.6711,299.75,86,50,4.91,PH,1627254242
Malchevskaya,49.0552,40.3625,292.54,53,40,3.98,RU,1627254243
Tasiilaq,65.6145,-37.6368,279.24,82,35,1.66,GL,1627254243
Cockburn Town,21.4612,-71.1419,301.31,80,14,4.77,TC,1627254244
Souillac,-20.5167,57.5167,293.84,63,3,6.16,MU,1627254244
Owensboro,37.7742,-87.1133,305.18,66,1,2.57,US,1627254245
Albany,42.6001,-73.9662,300.54,90,29,2.09,US,1627254245
Miguel Alves,-4.1656,-42.8953,298.75,46,48,0.6,BR,1627254246
Upernavik,72.7868,-56.1549,278.73,78,21,4.42,GL,1627254246
Yelizavetino,59.4916,29.7938,291.84,72,30,0.98,RU,1627254247
Mount Isa,-20.7333,139.5,287.02,33,13,2.57,AU,1627254247
Hay River,60.8156,-115.7999,290.1,47,8,3.08,CA,1627254247
Geraldton,-28.7667,114.6,281.38,93,75,6.69,AU,1627254248
Saskylakh,71.9167,114.0833,287.06,62,88,7.18,RU,1627254248
Atuona,-9.8,-139.0333,298.55,74,46,10.0,PF,1627254248
Severo-Kuril'sk,50.6789,156.125,287.14,90,81,1.24,RU,1627254249
Anloga,5.7947,0.8973,297.67,80,19,6.34,GH,1627254249
Saint-Philippe,-21.3585,55.7679,292.9,77,54,4.5,RE,1627254250
Tuktoyaktuk,69.4541,-133.0374,279.92,82,100,6.04,CA,1627254250
Bredasdorp,-34.5322,20.0403,284.42,44,100,2.52,ZA,1627254251
Puerto Ayora,-0.7393,-90.3518,295.68,86,43,4.02,EC,1627254251
Atambua,-9.1061,124.8925,294.29,65,48,1.6,ID,1627254252
Shiyan,32.6475,110.7781,300.04,85,0,1.16,CN,1627254252
Ushuaia,-54.8,-68.3,274.96,75,40,9.77,AR,1627254252
East London,-33.0153,27.9116,287.84,30,9,3.49,ZA,1627254253
Qasigiannguit,68.8193,-51.1922,284.29,56,100,2.18,GL,1627254253
Namatanai,-3.6667,152.4333,301.22,73,84,1.43,PG,1627254254
Wenling,28.3669,121.36,299.21,89,100,6.55,CN,1627254254
Ribeira Grande,38.5167,-28.7,294.47,83,21,6.32,PT,1627254255
Cape Town,-33.9258,18.4232,287.66,52,100,3.33,ZA,1627254103
Show Low,34.2542,-110.0298,296.53,55,40,4.12,US,1627254255
Nikolskoye,59.7035,30.7861,292.48,72,43,1.46,RU,1627254256
Merauke,-8.4667,140.3333,298.78,75,100,3.29,ID,1627254256
Saldanha,-33.0117,17.9442,289.48,45,100,6.75,ZA,1627254256
Mataura,-46.1927,168.8643,281.19,87,100,1.08,NZ,1627254257
Saint George,37.1041,-113.5841,309.48,31,1,2.68,US,1627254121
Cidreira,-30.1811,-50.2056,291.89,74,24,3.94,BR,1627254257
Richards Bay,-28.783,32.0377,286.49,85,0,2.89,ZA,1627254258
Muros,42.7762,-9.0603,291.95,86,8,2.72,ES,1627254258
Hermanus,-34.4187,19.2345,287.54,52,100,4.45,ZA,1627254258
São Filipe,14.8961,-24.4956,296.53,74,43,4.72,CV,1627254259
Busselton,-33.65,115.3333,287.62,65,15,9.7,AU,1627254260
Fortuna,40.5982,-124.1573,311.75,78,1,6.17,US,1627254260
Coxim,-18.5067,-54.76,299.63,29,0,2.43,BR,1627254261
Sittwe,20.15,92.9,299.42,93,100,8.24,MM,1627254262
Kaitangata,-46.2817,169.8464,281.47,81,100,0.78,NZ,1627254262
Katangli,51.7102,143.2326,297.91,73,100,4.46,RU,1627254263
Kaka,37.3482,59.6143,304.75,18,0,3.96,TM,1627254263
Nyuksenitsa,60.4128,44.2397,285.64,73,95,2.74,RU,1627254263
Hilo,19.7297,-155.09,300.26,78,75,4.63,US,1627254197
Machico,32.7,-16.7667,298.15,86,20,2.57,PT,1627254264
Santander,43.4647,-3.8044,292.85,87,75,0.89,ES,1627254264
Vestmannaeyjar,63.4427,-20.2734,283.51,80,78,9.21,IS,1627254265
Oskemen,49.9565,82.6119,293.64,58,50,2.01,KZ,1627254266
Ancud,-41.8697,-73.8203,277.89,75,18,3.66,CL,1627254266
Salalah,17.0151,54.0924,299.2,89,75,2.06,OM,1627254266
Yellowknife,62.456,-114.3525,290.0,51,29,0.45,CA,1627254267
Saint Paul Harbor,57.79,-152.4072,284.88,82,90,2.57,US,1627254268
Kodino,63.7198,39.6447,283.49,94,66,1.83,RU,1627254268
Saint-François,46.4154,3.9054,293.25,78,0,1.54,FR,1627254269
Codrington,-38.2667,141.9667,284.98,89,89,7.36,AU,1627254269
Skibotn,69.3913,20.2679,283.41,98,100,1.56,NO,1627254269
Westport,41.1415,-73.3579,301.02,85,1,1.34,US,1627254270
Havre-St-Pierre,50.2334,-63.5986,290.58,77,4,5.92,CA,1627254270
Kabare,-2.4683,28.8242,289.55,73,100,0.83,CD,1627254271
Yangi Marg`ilon,40.4272,71.7189,299.55,36,0,3.09,UZ,1627254271
Elhovo,42.1667,26.5667,291.03,86,0,1.3,BG,1627254272
São João da Barra,-21.6403,-41.0511,294.5,72,0,6.58,BR,1627254272
Hithadhoo,-0.6,73.0833,300.38,73,90,1.99,MV,1627254273
Castro,-24.7911,-50.0119,286.55,64,2,1.66,BR,1627254067
Farafangana,-22.8167,47.8333,290.8,71,83,3.56,MG,1627254273
Matara,5.9485,80.5353,298.29,87,96,4.63,LK,1627254274
Palmer,42.1584,-72.3287,298.97,77,20,0.45,US,1627254274
Faanui,-16.4833,-151.75,298.74,65,1,4.55,PF,1627254274
Baijiantan,45.6333,85.1833,302.53,21,0,4.81,CN,1627254275
Barrow,71.2906,-156.7887,279.16,93,90,6.69,US,1627254275
Mareeba,-17.0,145.4333,293.95,71,94,1.68,AU,1627254276
Eenhana,-17.4667,16.3333,288.04,42,0,4.43,NA,1627254276
Miranda,3.2499,-76.2281,294.22,96,100,0.43,CO,1627254277
Caravelas,-17.7125,-39.2481,294.22,77,14,3.15,BR,1627254277
Vyshkov,52.4764,31.6873,288.79,92,18,1.9,RU,1627254277
Sur,22.5667,59.5289,306.67,52,51,3.36,OM,1627254278
Arman',59.7,150.1667,285.88,98,100,2.93,RU,1627254278
Lagoa,39.05,-27.9833,293.81,84,63,5.56,PT,1627254279
Dikson,73.5069,80.5464,278.46,80,100,4.48,RU,1627254279
Pilar,-9.5972,-35.9567,295.11,95,21,1.75,BR,1627254280
Zhuanghe,39.7008,122.9911,297.85,85,53,2.27,CN,1627254280
Napoleon,41.3923,-84.1252,304.46,74,70,2.81,US,1627254119
Avera,33.194,-82.5271,305.08,60,89,2.61,US,1627254280
Kununurra,-15.7667,128.7333,289.14,82,65,2.06,AU,1627254281
Brewster,41.3973,-73.6171,300.95,87,1,2.06,US,1627254281
Dunedin,-45.8742,170.5036,284.15,65,100,7.15,NZ,1627254059
Laguna,38.421,-121.4238,313.39,21,1,1.34,US,1627254282
Tessalit,20.1986,1.0114,305.5,35,99,6.2,ML,1627254282
Behshahr,36.6923,53.5526,299.38,85,36,2.39,IR,1627254283
Tārūt,26.5733,50.0369,309.14,50,0,1.98,SA,1627254283
Saint-Pierre,-21.3393,55.4781,292.95,63,0,2.06,RE,1627254283
Jardim,-21.4803,-56.1381,298.14,39,0,2.03,BR,1627254136
Polessk,54.862,21.1028,292.18,82,100,3.92,RU,1627254284
Port Hedland,-20.3167,118.5667,287.18,82,98,3.09,AU,1627254284
Harrisonburg,38.4496,-78.8689,304.28,78,40,0.0,US,1627254162
Butaritari,3.0707,172.7902,300.55,78,88,4.24,KI,1627254285
Provideniya,64.3833,-173.3,282.21,93,90,3.0,RU,1627254285
Shafranovo,53.9667,54.7667,281.91,62,0,2.07,RU,1627254286
Ponta do Sol,32.6667,-17.1,298.15,84,0,1.31,PT,1627254286
Honiara,-9.4333,159.95,300.81,77,75,2.43,SB,1627254287
Eyrarbakki,63.863,-21.1481,282.15,86,89,9.93,IS,1627254287
Kigali,-1.95,30.0588,292.86,49,75,2.68,RW,1627254288
Katima Mulilo,-17.5,24.2667,283.11,61,0,1.89,NA,1627254288
Fairbanks,64.8378,-147.7164,294.87,56,67,1.34,US,1627254182
Ampanihy,-24.7,44.75,289.02,68,71,5.68,MG,1627254289
Saint-Augustin,51.226,-58.6502,291.9,62,37,7.72,CA,1627254289
Haines Junction,60.7522,-137.5108,289.61,50,99,2.05,CA,1627254290
Khatanga,71.9667,102.5,285.6,71,27,2.04,RU,1627254290
Mier,26.4333,-99.15,311.53,25,0,8.11,MX,1627254290
Kavaratti,10.5669,72.642,300.49,76,100,8.81,IN,1627254291
Mabaruma,8.2,-59.7833,295.84,100,100,0.98,GY,1627254291
Olafsvik,64.8945,-23.7142,283.13,85,89,8.98,IS,1627254292
Halifax,44.6453,-63.5724,292.82,78,86,1.34,CA,1627254257
Lompoc,34.6391,-120.4579,301.05,77,90,6.17,US,1627254268
Mossamedes,-15.1961,12.1522,292.49,80,0,2.47,AO,1627254293
Gao,16.6362,1.637,305.73,44,43,5.37,ML,1627254293
Marawi,7.9986,124.2928,294.62,80,71,2.06,PH,1627254293
Arraial do Cabo,-22.9661,-42.0278,294.61,74,0,11.82,BR,1627254294
Sorong,-0.8833,131.25,298.45,85,100,4.89,ID,1627254014
Kongolo,-5.3833,27.0,295.83,45,5,2.05,CD,1627254295
Kindu,-2.95,25.95,298.74,36,32,2.78,CD,1627254295
Hong Kong,22.2855,114.1577,303.33,88,12,0.45,HK,1627254221
Holme,56.1138,10.1725,293.91,86,90,4.87,DK,1627254296
Koshurnikovo,54.1667,93.3,289.52,99,76,0.6,RU,1627254296
Cabra,37.4725,-4.4421,299.84,57,16,2.77,ES,1627254297
Vágur,61.4732,-6.8119,284.93,90,100,2.61,FO,1627254297
Erenhot,43.6475,111.9767,290.94,69,96,7.09,CN,1627254297
Pecos,31.4229,-103.4932,309.61,26,1,1.54,US,1627254298
Henties Bay,-22.116,14.2845,292.69,43,68,0.4,NA,1627254298
Zabaykal'sk,49.6333,117.3167,289.31,79,18,3.0,RU,1627254299
Egvekinot,66.3167,-179.1667,280.83,87,100,0.61,RU,1627254299
Florián,5.8049,-73.9703,290.55,98,88,0.57,CO,1627254300
Myrtle Beach,33.6891,-78.8867,302.74,77,99,0.45,US,1627254112
Alofi,-19.0595,-169.9187,298.78,73,7,2.26,NU,1627254300
Kungurtug,50.5994,97.5228,285.81,94,89,0.99,RU,1627254301
Esso,55.9333,158.7,294.09,61,20,0.78,RU,1627254301
Puerto Suárez,-18.95,-57.8,300.76,33,0,1.72,BO,1627254302
Bud,39.447,-86.1758,304.83,74,34,2.14,US,1627254304
Norman Wells,65.282,-126.8329,293.69,52,87,6.63,CA,1627254305
Katsuura,35.1333,140.3,301.03,73,35,7.15,JP,1627254305
Sirte,31.2089,16.5887,299.59,71,0,5.12,LY,1627254306
Río Gallegos,-51.6226,-69.2181,274.18,80,0,3.6,AR,1627254306
Jalu,29.0331,21.5482,300.31,31,0,5.41,LY,1627254307
Jamestown,42.097,-79.2353,299.18,61,1,3.09,US,1627254125
Banda Aceh,5.5577,95.3222,299.39,83,97,3.56,ID,1627254307
Port Elizabeth,-33.918,25.5701,288.22,36,80,3.93,ZA,1627254308
Ambilobe,-13.2,49.05,289.69,86,72,1.6,MG,1627254308
Ahipara,-35.1667,173.1667,288.55,85,14,6.76,NZ,1627254309
Saint-Louis,16.3333,-15.0,301.23,62,26,7.42,SN,1627254309
Alvarado,18.7667,-95.7667,304.42,72,100,3.83,MX,1627254309
Carballo,43.213,-8.691,291.23,92,64,0.74,ES,1627254310
Uyuni,-20.4597,-66.825,277.64,63,74,5.56,BO,1627254310
Ponta Delgada,37.7333,-25.6667,294.55,83,75,4.12,PT,1627254279
Berlevåg,70.8578,29.0864,280.29,82,99,7.68,NO,1627254311
Pierre,44.3683,-100.351,313.44,16,3,6.4,US,1627254311
Chokurdakh,70.6333,147.9167,282.25,53,1,4.35,RU,1627254311
Bethel,41.3712,-73.414,300.02,84,1,2.06,US,1627254312
Coyhaique,-45.5752,-72.0662,275.12,75,75,2.06,CL,1627254312
Verkhnyaya Khava,51.8404,39.9413,287.19,64,50,1.09,RU,1627254313
Nemuro,43.3236,145.575,290.73,87,0,3.02,JP,1627254313
Waipawa,-41.4122,175.5153,285.62,88,100,7.34,NZ,1627254314
Algiers,36.7525,3.042,297.05,61,40,2.06,DZ,1627254314
Yelan',50.949,43.7378,288.54,58,38,2.03,RU,1627254314
Esperance,-33.8667,121.9,284.26,89,6,7.77,AU,1627254315
Gaspé,48.8334,-64.4819,293.79,69,68,4.57,CA,1627254315
Kirakira,-10.4544,161.9205,301.59,70,82,3.88,SB,1627254316
Kharabali,47.4196,47.2568,297.58,38,2,4.24,RU,1627254316
Jumla,29.2747,82.1838,291.37,100,100,1.1,NP,1627254185
Lexington,37.9887,-84.4777,304.77,50,99,0.89,US,1627254092
Coari,-4.085,-63.1414,300.28,61,79,1.12,BR,1627254317
New Norfolk,-42.7826,147.0587,281.8,76,60,0.45,AU,1627254317
Ixtapa,20.7,-105.2,304.72,66,75,5.14,MX,1627254318
Bully-les-Mines,50.4438,2.727,291.16,94,43,3.0,FR,1627254318
Arles,43.6768,4.6303,298.42,46,0,3.6,FR,1627254319
Zhangjiakou,40.81,114.8794,294.63,93,100,2.66,CN,1627254320
Hasaki,35.7333,140.8333,300.53,72,19,8.68,JP,1627254320
San Borja,-14.8167,-66.85,298.5,51,14,1.15,BO,1627254321
Gambēla,8.25,34.5833,293.21,93,100,0.41,ET,1627254321
Linxia Chengguanzhen,35.6003,103.2064,287.26,94,100,1.8,CN,1627254322
Shimoda,34.6667,138.95,299.32,81,32,4.4,JP,1627254322
Esim,4.8699,-2.2405,297.07,80,60,2.71,GH,1627254320
Plouzané,48.3833,-4.6167,289.33,91,20,1.54,FR,1627254323
Puro,12.4841,123.3827,301.49,77,58,8.53,PH,1627254323
Antofagasta,-23.65,-70.4,286.85,85,54,2.52,CL,1627254080
Misratah,32.3754,15.0925,299.81,71,0,5.07,LY,1627254324
Qaanaaq,77.484,-69.3632,278.15,70,83,1.44,GL,1627254324
Korla,41.7597,86.1469,301.76,13,0,4.81,CN,1627254324
Ajdabiya,30.7554,20.2263,299.54,37,0,4.91,LY,1627254325
Tura,25.5198,90.2201,296.99,95,99,2.13,IN,1627254325
Hede,33.7681,120.2517,299.18,92,100,9.32,CN,1627254325
Bambanglipuro,-7.95,110.2833,293.39,90,35,0.88,ID,1627254326
Tautira,-17.7333,-149.15,301.16,69,0,4.43,PF,1627254326
Anchorage,61.2181,-149.9003,291.86,70,50,0.45,US,1627254041
Puerto Escondido,15.85,-97.0667,304.61,62,40,4.12,MX,1627254327
Port Blair,11.6667,92.75,300.88,85,94,8.03,IN,1627254327
Mar del Plata,-38.0023,-57.5575,284.26,44,100,2.24,AR,1627254328
Yar-Sale,66.8333,70.8333,280.32,80,65,3.43,RU,1627254328
Kasongo-Lunda,-6.4667,16.8167,295.23,32,12,0.47,CD,1627254329
Visby,57.6409,18.296,294.79,94,99,3.6,SE,1627254329
Zinder,13.8072,8.9881,303.31,53,73,5.68,NE,1627254329
Bhairab Bāzār,24.0667,90.9667,302.18,97,100,2.78,BD,1627254330
Airai,-8.9266,125.4092,288.37,53,64,1.31,TL,1627254330
Irbeyskoye,55.6428,95.4522,288.79,81,2,1.62,RU,1627254331
Lavrentiya,65.5833,-171.0,280.08,98,100,1.0,RU,1627254331
Tuatapere,-46.1333,167.6833,281.38,92,100,0.96,NZ,1627254332
Narsaq,60.9167,-46.05,285.27,61,24,0.55,GL,1627254332
Billings Metropolitan Area,45.7833,-108.5007,310.53,14,75,2.57,US,1627254332
Teknāf,20.8624,92.3058,298.52,98,100,1.48,BD,1627254333
Nacala,-14.5428,40.6728,292.03,74,3,5.38,MZ,1627254333
Benghazi,32.1167,20.0667,299.6,64,0,5.06,LY,1627254077
Kangaatsiaq,68.3065,-53.4641,278.02,90,100,1.19,GL,1627254334
Isangel,-19.55,169.2667,299.21,83,75,1.54,VU,1627254334
Måløy,61.9353,5.1136,291.48,88,32,4.31,NO,1627254335
Morehead,37.2711,-87.1764,303.99,85,1,1.54,US,1627254335
Machiques,10.0644,-72.545,298.9,85,100,1.29,VE,1627254336
Obzor,42.8167,27.8833,292.27,75,0,2.88,BG,1627254336
Touros,-5.1989,-35.4608,297.65,81,3,5.19,BR,1627254336
Togur,58.3631,82.8265,291.0,92,32,2.16,RU,1627254337
Gebre Guracha,9.8,38.4,284.64,94,100,0.88,ET,1627254337
Mahébourg,-20.4081,57.7,294.29,60,24,6.44,MU,1627254064
San Cristobal,7.7669,-72.225,297.25,86,100,1.4,VE,1627254338
Mala,-12.6581,-76.6308,290.74,82,20,3.11,PE,1627254338
Vanimo,-2.6741,141.3028,299.17,74,95,2.83,PG,1627254339
Itiruçu,-13.5317,-40.1503,286.65,92,2,1.84,BR,1627254339
‘Āhuimanu,21.4447,-157.8378,304.99,67,75,5.66,US,1627254340
Sabla,12.7525,4.7077,301.1,67,100,4.85,NG,1627254340
Mbeya,-8.9,33.45,280.56,88,44,3.02,TZ,1627254341
Oddur,4.1213,43.8894,293.38,76,92,9.71,SO,1627254341
Constitución,-35.3333,-72.4167,283.37,92,26,3.49,CL,1627254341
Cabo San Lucas,22.8909,-109.9124,308.99,58,1,4.63,MX,1627254246
Kautokeino,69.0125,23.0412,284.14,87,100,1.77,NO,1627254342
Kavieng,-2.5744,150.7967,300.98,73,91,1.86,PG,1627254342
Karakol,42.4907,78.3936,291.23,20,0,2.21,KG,1627254343
San Quintín,30.4833,-115.95,293.59,82,100,3.91,MX,1627254343
Laas,46.6166,10.7002,288.72,88,56,1.09,IT,1627254344
Genhe,50.7833,121.5167,288.35,90,11,1.03,CN,1627254318
Belmonte,-15.8631,-38.8828,293.43,87,68,4.34,BR,1627254344
Hamilton,39.1834,-84.5333,304.62,73,40,0.45,US,1627254345
Thompson,55.7435,-97.8558,293.54,21,19,4.46,CA,1627254345
Palana,59.1167,159.9667,285.33,92,100,6.81,RU,1627254346
High Level,58.5169,-117.136,297.1,33,59,2.3,CA,1627254346
Maragogi,-9.0122,-35.2225,296.24,88,23,5.02,BR,1627254346
Saint-Joseph,-21.3667,55.6167,292.35,74,39,4.93,RE,1627254347
Port-Gentil,-0.7193,8.7815,297.4,80,95,3.99,GA,1627254347
Vardø,70.3705,31.1107,280.76,78,94,9.27,NO,1627254348
Le Port,-20.9373,55.2919,293.13,76,75,1.65,RE,1627254348
Komatipoort,-25.4332,31.9548,283.73,86,5,1.6,ZA,1627254348
Nome,64.5011,-165.4064,283.8,87,90,3.6,US,1627254349
Kruisfontein,-34.0033,24.7314,285.8,33,73,4.0,ZA,1627254349
Bojnourd,37.4747,57.329,296.24,70,0,3.32,IR,1627254350
Gigmoto,13.7796,124.39,301.57,79,100,4.53,PH,1627254350
Abū Zabad,12.35,29.25,297.42,79,100,3.93,SD,1627254350
Pandrup,57.2215,9.6757,292.56,82,75,3.09,DK,1627254351
Noyabrsk,63.1994,75.4507,281.98,94,100,7.42,RU,1627254351
Pundaguitan,6.3711,126.1689,301.8,75,74,3.5,PH,1627254352
Coquimbo,-29.9533,-71.3436,286.0,82,20,2.57,CL,1627254352
Deputatsky,69.3,139.9,284.26,60,3,2.15,RU,1627254353
Tokat,40.4167,36.5833,284.92,96,49,1.49,TR,1627254353
Kita,13.0349,-9.4895,297.72,88,85,1.21,ML,1627254354
Rosarito,32.3333,-117.0333,300.72,79,100,2.2,MX,1627254354
Eureka,40.8021,-124.1637,293.22,72,100,2.24,US,1627254331
Kumul,42.8,93.45,301.26,22,4,5.48,CN,1627254116
Meulaboh,4.1363,96.1285,297.69,88,86,2.08,ID,1627254355
Causapscal,48.3542,-67.227,292.01,98,100,4.38,CA,1627254355
Lyubokhna,53.5033,34.3885,289.35,83,50,0.98,RU,1627254356
Mangan,27.5167,88.5333,298.02,94,100,0.68,IN,1627254356
Balkanabat,39.5108,54.3671,301.52,72,0,1.53,TM,1627254357
Lorengau,-2.0226,147.2712,300.61,77,94,3.47,PG,1627254076
Amga,60.8953,131.9608,292.65,61,0,2.59,RU,1627254357
Kitimat,54.0524,-128.6534,289.21,88,81,1.23,CA,1627254358
Zonguldak,41.25,31.8333,288.46,94,1,1.5,TR,1627254358
Qaryat Sulūq,31.6682,20.2521,298.73,49,0,4.81,LY,1627254359
Bosaso,11.2842,49.1816,304.07,38,80,10.09,SO,1627254144
Iquique,-20.2208,-70.1431,288.17,84,99,2.96,CL,1627254311
Kimbe,-5.5502,150.1429,300.39,81,67,0.49,PG,1627254360
College,64.8569,-147.8028,294.96,51,75,3.6,US,1627254360
Caraquet,47.7941,-64.9386,295.56,59,91,4.59,CA,1627254360
Chaoyang,41.5703,120.4586,297.44,76,93,2.4,CN,1627254361
Arlit,18.7369,7.3853,309.91,15,68,4.22,NE,1627254361
Severo-Yeniseyskiy,60.3725,93.0408,290.89,68,60,1.61,RU,1627254362
Necochea,-38.5473,-58.7368,279.28,82,98,7.63,AR,1627254362
Karratha,-20.7377,116.8463,293.0,50,81,1.66,AU,1627254363
Ulaanbaatar,47.9077,106.8832,289.22,77,40,1.0,MN,1627254207
Conchas,-23.0153,-48.0106,289.85,37,0,0.37,BR,1627254075
Port Hawkesbury,45.6169,-61.3485,295.32,75,44,0.45,CA,1627254363
Pisco,-13.7,-76.2167,291.18,77,0,3.6,PE,1627254364
Altay,47.8667,88.1167,291.38,59,76,1.38,CN,1627254364
Naze,28.3667,129.4833,298.43,89,100,7.63,JP,1627254365
Sechura,-5.5569,-80.8222,295.58,67,20,8.2,PE,1627254365
Imeni Zhelyabova,58.9544,36.5956,285.58,74,9,2.18,RU,1627254365
Boende,-0.2167,20.8667,297.99,60,69,1.33,CD,1627254366
Kasongo,-4.45,26.6667,296.83,35,18,3.03,CD,1627254366
Torbay,47.6666,-52.7314,287.75,92,90,3.09,CA,1627254199
Vestmanna,62.1564,-7.1664,282.66,100,90,2.57,FO,1627254367
Nanortalik,60.1432,-45.2371,280.1,75,51,4.77,GL,1627254368
Mondovì,44.396,7.8176,295.57,99,97,1.79,IT,1627254368
Daru,-9.0763,143.2092,299.21,77,76,7.11,PG,1627254368
Pastavy,55.1168,26.8326,291.29,57,36,2.0,BY,1627254369
Seoul,37.5683,126.9778,301.84,58,39,2.02,KR,1627254283
Pozo Colorado,-23.4923,-58.7972,300.21,35,82,2.71,PY,1627254369
Port Augusta,-32.5,137.7667,285.21,72,9,4.69,AU,1627254370
Kiama,-34.6833,150.8667,289.03,59,0,2.68,AU,1627254370
Wanning,18.8003,110.3967,299.45,89,59,1.83,CN,1627254371
Joshīmath,30.5667,79.5667,296.71,91,100,0.19,IN,1627254371
Rajanpur,29.1035,70.325,310.02,42,56,7.09,PK,1627254372
Albanel,48.8832,-72.4487,293.61,83,57,2.21,CA,1627254372
Lianhe,47.1333,129.2667,294.59,98,100,0.82,CN,1627254372
Cabaiguán,22.0789,-79.4992,299.94,80,58,2.96,CU,1627254373
Bayburt,40.2589,40.2278,287.91,80,1,0.56,TR,1627254373
Gazojak,41.1875,61.4036,303.15,33,0,6.71,TM,1627254374
Whitehorse,60.7161,-135.0538,293.2,34,100,0.11,CA,1627254374
Bambous Virieux,-20.3428,57.7575,294.27,59,36,6.43,MU,1627254374
Hof,50.3167,11.9167,290.79,93,69,1.34,DE,1627254375
Three Hills,51.7001,-113.2686,301.27,36,16,2.34,CA,1627254375
Bonavista,48.6499,-53.1147,286.55,91,11,5.35,CA,1627254376
Zolochiv,49.806,24.8944,292.41,70,74,4.67,UA,1627254376
Hudiksvall,61.729,17.1036,289.87,71,7,1.06,SE,1627254376
Shingū,33.7333,135.9833,299.7,64,0,0.71,JP,1627254377
Pringsewu,-5.3582,104.9744,293.56,91,3,0.57,ID,1627254377
Hauterive,46.0901,3.4459,292.03,93,100,1.68,FR,1627254378
Senneterre,48.3835,-77.2328,291.8,82,38,1.8,CA,1627254378
Quelimane,-17.8786,36.8883,289.77,80,37,2.52,MZ,1627254379
Lata,40.1629,-8.3327,293.17,97,73,1.52,PT,1627254379
Saint Anthony,45.0205,-93.218,306.56,26,1,5.14,US,1627254380
Zhangjiakou Shi Xuanhua Qu,40.6103,115.0447,295.43,92,99,2.23,CN,1627254380
Poum,-20.2333,164.0167,296.13,72,10,8.75,NC,1627254380
Aklavik,68.2191,-135.0107,284.49,73,100,6.3,CA,1627254381
Vrangel',42.7297,133.0839,298.26,85,31,0.79,RU,1627254221
Noumea,-22.2763,166.4572,296.48,99,71,4.12,NC,1627254098
Xuchang,34.0167,113.8167,299.25,81,77,1.22,CN,1627254382
Mount Gambier,-37.8333,140.7667,284.1,100,75,6.69,AU,1627254382
Lagan,45.3929,47.3707,298.85,44,0,4.34,RU,1627254383
Ayan,56.45,138.1667,290.58,85,76,1.92,RU,1627254383
Anzio,41.4853,12.6179,301.96,47,84,5.67,IT,1627254384
Kenora,49.8167,-94.4337,300.25,30,15,4.47,CA,1627254384
Alice Springs,-23.7,133.8833,283.9,40,72,0.0,AU,1627254385
Aksu,41.1231,80.2644,300.93,27,0,0.81,CN,1627254385
Rabo de Peixe,37.8,-25.5833,293.88,83,75,4.12,PT,1627254386
Sarakhs,36.5449,61.1577,303.67,19,0,5.52,IR,1627254130
Asău,46.4333,26.4,291.66,83,38,1.65,RO,1627254386
Cambridge,43.3601,-80.3127,301.85,48,0,3.45,CA,1627254274
Bengkulu,-3.8004,102.2655,296.28,83,8,2.34,ID,1627254387
Moyeuvre-Grande,49.2517,6.0475,290.66,96,87,2.32,FR,1627254387
Blairmore,49.6,-114.4353,302.0,16,3,5.87,CA,1627254388
Vostok,46.4856,135.8833,299.96,62,94,0.56,RU,1627254388
Diamantina,-18.2494,-43.6003,285.28,62,0,3.0,BR,1627254389
Yenagoa,4.9247,6.2642,296.09,83,49,2.03,NG,1627254389
Novoagansk,61.9449,76.6625,286.51,96,100,7.86,RU,1627254389
Xining,36.6167,101.7667,286.67,82,100,1.12,CN,1627254117
Sabzawār,36.2126,57.6819,302.61,18,0,9.49,IR,1627254390
Omboué,-1.5746,9.2618,296.26,79,94,2.36,GA,1627254391
Tadine,-21.55,167.8833,296.79,67,9,6.44,NC,1627254391
Calabozo,8.9242,-67.4293,297.54,92,100,1.36,VE,1627254392
Sept-Îles,50.2001,-66.3821,291.07,86,100,0.45,CA,1627254392
Yulara,-25.2406,130.9889,285.58,41,3,2.52,AU,1627254393
Henderson,36.0397,-114.9819,313.05,28,1,3.09,US,1627254310
Tsimmerbude,54.675,20.1347,292.18,80,100,4.57,RU,1627254393
Dalby,-27.1833,151.2667,283.06,58,69,4.09,AU,1627254394
Kostanay,53.1667,63.5833,285.13,76,1,3.61,KZ,1627254394
Esil,51.9556,66.4042,288.1,82,17,3.58,KZ,1627254395
Krasnosel'kup,65.7,82.4667,286.19,88,54,3.11,RU,1627254395
Te Anau,-45.4167,167.7167,280.99,93,100,0.42,NZ,1627254396
Waingapu,-9.6567,120.2641,295.75,77,7,1.55,ID,1627254396
Ayorou,14.7308,0.9174,306.39,43,15,3.84,NE,1627254396
Kisangani,0.5167,25.2,298.03,65,72,1.03,CD,1627254397
Champerico,14.3,-91.9167,303.57,71,22,2.04,GT,1627254397
Hohhot,40.8106,111.6522,294.09,87,98,2.04,CN,1627254398
Riyadh,24.6877,46.7219,306.23,18,0,1.29,SA,1627254397
Chui,-33.6971,-53.4616,289.79,92,7,2.25,UY,1627254398
Goderich,43.7501,-81.7165,300.39,68,0,1.78,CA,1627254231
Stann Creek Town,16.9692,-88.2321,305.13,64,4,3.2,BZ,1627254399
San Rafael,-34.6177,-68.3301,283.88,35,0,2.83,AR,1627254400
Bilma,18.6853,12.9164,300.11,57,98,8.92,NE,1627254400
Māngrol,21.1167,70.1167,299.17,91,100,6.75,IN,1627254400
Marsh Harbour,26.5412,-77.0636,301.4,75,92,5.2,BS,1627254401
Kikuyu,-1.2458,36.6633,285.75,63,91,2.83,KE,1627254401
Biak,-0.9131,122.8766,297.66,82,60,2.45,ID,1627254402
San Policarpo,12.1791,125.5072,300.63,76,27,3.22,PH,1627254402
Mariel,22.9875,-82.7536,301.23,81,39,4.12,CU,1627254402
Filingué,14.3521,3.3168,305.01,49,95,6.13,NE,1627254403
Knysna,-34.0363,23.0471,287.36,45,97,3.07,ZA,1627254403
Varadero,23.1536,-81.2514,301.98,69,51,3.85,CU,1627254194
Mirny,62.5353,113.9611,294.88,53,24,1.75,RU,1627254404
Ankang,32.68,109.0172,298.51,86,0,0.34,CN,1627254404
Almeirim,-1.5233,-52.5817,300.8,58,95,0.91,BR,1627254405
Puerto del Rosario,28.5004,-13.8627,296.01,64,0,5.14,ES,1627254405
Tabou,4.423,-7.3528,297.41,75,19,2.69,CI,1627254405
Gelemso,8.8167,40.5167,288.53,84,99,0.89,ET,1627254406
Padang,-0.9492,100.3543,298.53,84,36,1.68,ID,1627254406
Birao,10.2849,22.7882,294.55,97,100,1.37,CF,1627254407
Prince Rupert,54.3161,-130.3201,288.2,82,90,1.54,CA,1627254407
Savannah Bight,16.45,-85.85,302.59,69,78,4.56,HN,1627254407
Bathsheba,13.2167,-59.5167,297.49,94,75,3.6,BB,1627254408
Kahului,20.8947,-156.47,305.16,76,40,9.77,US,1627254408
Cobija,-11.0267,-68.7692,301.05,44,37,1.22,BO,1627254409
Baruun-Urt,46.6806,113.2792,288.71,74,100,6.22,MN,1627254409
Sibolga,1.7427,98.7792,297.75,82,58,1.27,ID,1627254410
Capão da Canoa,-29.7456,-50.0097,292.27,72,14,2.63,BR,1627254410
Otavi,-19.65,17.3333,285.73,48,0,5.49,NA,1627254410
Tefé,-3.3542,-64.7114,301.21,83,0,0.0,BR,1627254411
El Real de Santa Maria,8.109,-77.7325,297.23,96,100,0.53,PA,1627254411
Vallenar,-28.5708,-70.7581,286.65,55,0,1.58,CL,1627254412
Alberton,46.8168,-64.0654,292.84,71,53,4.1,CA,1627254412
Karpathos,35.507,27.2132,297.61,85,1,6.06,GR,1627254413
Sabang,5.8933,95.3214,301.19,79,99,5.26,ID,1627254413
Novopokrovka,49.8425,36.5477,293.31,67,0,2.97,UA,1627254413
Qiongshan,20.0058,110.3542,300.52,87,42,2.96,CN,1627254414
Berdigestyakh,62.0989,126.6992,293.16,49,5,2.8,RU,1627254347
Umm Kaddadah,13.6017,26.6876,302.24,53,98,6.82,SD,1627254415
Acaponeta,22.4964,-105.3594,305.31,63,22,3.89,MX,1627254415
Fort Saint James,54.4333,-124.25,293.99,38,62,2.42,CA,1627254416
Chapais,49.7834,-74.8492,287.03,60,95,2.99,CA,1627254416
Izhma,65.0083,53.9113,280.56,95,98,2.28,RU,1627254416
Bonoua,5.2741,-3.595,297.94,83,11,1.95,CI,1627254417
Lira,2.235,32.9097,290.88,73,76,1.47,UG,1627254417
Xinqing,48.2333,129.5,293.18,99,100,1.88,CN,1627254418
Tokur,53.1333,132.9,290.77,87,92,1.07,RU,1627254418
Celestún,20.8667,-90.4,302.47,71,64,6.31,MX,1627254419
Inhambane,-23.865,35.3833,291.71,63,98,4.85,MZ,1627254419
Rūdbār,30.15,62.6,305.09,18,12,4.44,AF,1627254420
Sitka,57.0531,-135.33,287.09,82,90,2.57,US,1627254298
Kenai,60.5544,-151.2583,290.94,65,40,4.63,US,1627254420
Trofors,65.5333,13.4063,284.79,84,17,0.56,NO,1627254421
Broken Hill,-31.95,141.4333,283.29,71,1,5.75,AU,1627254421
Jablah,35.3614,35.9256,299.18,84,4,1.71,SY,1627254421
Longyearbyen,78.2186,15.6401,280.06,81,75,4.12,SJ,1627254422
Chu,43.5983,73.7614,299.39,21,0,3.85,KZ,1627254422
Samarai,-10.6167,150.6667,299.61,74,100,6.81,PG,1627254423
Tsiroanomandidy,-18.7667,46.0333,289.63,59,99,1.03,MG,1627254423
Hofn,64.2539,-15.2082,284.5,88,87,5.93,IS,1627254423
Luleå,65.5842,22.1547,289.19,82,20,0.51,SE,1627254424
Conceição do Mato Dentro,-19.0372,-43.425,286.58,71,0,1.15,BR,1627254424
Acaraú,-2.8856,-40.12,298.97,77,13,6.93,BR,1627254425
Terrace Bay,48.7834,-87.1,290.5,74,68,1.88,CA,1627254425
Beringovskiy,63.05,179.3167,283.27,93,100,2.49,RU,1627254426
Makakilo City,21.3469,-158.0858,304.33,59,75,5.14,US,1627254426
Yeppoon,-23.1333,150.7333,285.03,45,3,2.91,AU,1627254427
Yerbogachën,61.2767,108.0108,293.71,58,68,0.66,RU,1627254427
Oranjestad,12.524,-70.027,300.12,89,75,2.06,AW,1627254428
Baghdad,33.3406,44.4009,307.1,24,0,4.63,IQ,1627254327
Rafai,4.95,23.9167,293.74,99,99,0.62,CF,1627254428
Beijing,39.9075,116.3972,300.8,84,86,1.3,CN,1627254211
Kalmunai,7.4167,81.8167,299.86,79,100,2.72,LK,1627254429
Pokosnoye,55.5258,101.0536,290.14,68,95,2.07,RU,1627254429
Ganzhou,28.8184,115.4327,299.72,80,22,1.04,CN,1627254223
São José da Coroa Grande,-8.8978,-35.1478,296.52,87,22,5.27,BR,1627254430
Sandwick,60.0,-1.25,286.05,100,90,5.14,GB,1627254430
Amuntai,-2.4177,115.2494,294.29,90,0,0.18,ID,1627254431
Olinda,-8.0089,-34.8553,295.0,88,75,3.09,BR,1627254431
San Patricio,28.017,-97.5169,307.55,49,0,5.88,US,1627254432
Carnarvon,-24.8667,113.6333,289.89,73,20,1.92,AU,1627254432
Banikoara,11.2985,2.4386,297.07,85,64,2.25,BJ,1627254433
Hervey Bay,-25.2986,152.8535,287.32,53,5,5.33,AU,1627254433
Bjørnevatn,69.6672,29.9847,281.34,71,90,4.63,NO,1627254433
Timizart,36.8,4.2667,298.53,56,76,2.25,DZ,1627254434
Acapulco de Juárez,16.8634,-99.8901,304.05,74,75,5.14,MX,1627254434
Ilovlya,49.3033,43.9796,295.76,41,60,4.37,RU,1627254434
Tamworth,52.634,-1.6959,291.44,79,100,0.45,GB,1627254435
Pontianak,-0.0333,109.3333,298.14,100,20,0.0,ID,1627254435
Reconquista,-29.15,-59.65,292.84,62,90,5.15,AR,1627254436
Bluefields,12.0137,-83.7635,299.06,90,74,3.0,NI,1627254436
Tateyama,34.9833,139.8667,301.47,73,77,5.5,JP,1627254437
Caruray,10.3094,119.0128,300.84,83,100,4.94,PH,1627254437
Areosa,41.7178,-8.8571,292.77,92,5,3.71,PT,1627254437
Middlebury (village),44.0153,-73.1673,300.43,74,1,2.06,US,1627254301
Bar Harbor,44.3876,-68.2039,291.67,91,90,6.71,US,1627254235
Nieuw Nickerie,5.95,-56.9833,299.06,77,94,3.6,SR,1627254438
Pyaozerskiy,65.8333,31.1667,286.8,88,96,1.86,RU,1627254439
Kundla,21.3333,71.3,297.66,91,100,4.02,IN,1627254439
Tirumullaivāsal,11.2333,79.8333,301.19,67,98,4.91,IN,1627254439
Dhankutā,26.9833,87.3333,293.8,93,100,1.44,NP,1627254440
Oranjemund,-28.55,16.4333,292.09,23,100,3.05,NA,1627254440
Iqaluit,63.7506,-68.5145,282.98,81,100,1.34,CA,1627254441
Nabire,-3.3667,135.4833,299.44,77,95,2.14,ID,1627254441
Thunder Bay,48.4001,-89.3168,303.87,34,52,4.57,CA,1627254442
Linköping,58.4109,15.6216,292.38,87,94,1.54,SE,1627254442
Lourdes,43.1,-0.05,289.86,94,90,2.06,FR,1627254443
Molteno,-31.3968,26.3625,275.71,33,13,3.47,ZA,1627254444
Taltal,-25.4,-70.4833,287.58,78,23,0.84,CL,1627254444
Rawson,-43.3002,-65.1023,281.25,44,27,6.8,AR,1627254444
North Bend,43.4065,-124.2243,301.06,75,75,13.38,US,1627254445
Olenegorsk,68.15,33.3,280.87,78,98,3.05,RU,1627254445
Vao,-22.6667,167.4833,294.82,70,46,7.08,NC,1627254446
Cabedelo,-6.9811,-34.8339,296.52,84,8,6.04,BR,1627254446
Palora,-1.7,-77.9333,295.14,93,81,0.22,EC,1627254446
Kuala Selangor,3.35,101.25,299.59,81,62,2.21,MY,1627254447
Salto,-31.3833,-57.9667,288.08,96,7,3.13,UY,1627254426
Kieta,-6.2167,155.6333,300.54,80,64,1.19,PG,1627254447
Sakaiminato,35.55,133.2333,300.6,61,1,2.05,JP,1627254448
Shirokiy,49.758,129.523,293.55,99,100,3.34,RU,1627254448
Mahmudābād,27.3,81.1167,302.13,75,100,2.36,IN,1627254449
Coahuayana Viejo,18.7333,-103.6833,303.86,69,59,2.77,MX,1627254449
Rubtsovsk,51.5,81.25,294.49,44,100,1.05,RU,1627254450
Sikonge,-5.6333,32.7667,288.5,56,0,3.68,TZ,1627254450
Chatrā,24.2167,84.8667,297.89,84,100,1.75,IN,1627254451
Mahon,39.8885,4.2658,297.46,78,0,3.09,ES,1627254451
São Miguel do Araguaia,-13.275,-50.1628,298.38,35,2,1.86,BR,1627254451
Noyemberyan,41.1724,44.9992,293.81,80,75,1.27,AM,1627254452
Emerald,-23.5333,148.1667,287.23,46,36,5.51,AU,1627254452
Itigi,-5.7,34.4833,287.28,54,2,4.25,TZ,1627254453
Harper,4.375,-7.7169,297.47,75,25,2.91,LR,1627254453
Izhevsk,56.85,53.2333,282.11,91,81,1.57,RU,1627254454
Piaçabuçu,-10.4056,-36.4344,295.69,89,34,4.58,BR,1627254454
Vurnary,55.4904,46.9648,283.44,83,28,2.47,RU,1627254455
Shebunino,46.4339,141.8603,297.15,81,72,2.42,RU,1627254455
Half Moon Bay,37.4636,-122.4286,308.01,64,75,0.45,US,1627254455
Shar,49.5886,81.0453,297.68,44,100,2.69,KZ,1627254456
Amapá,1.0,-52.0,295.64,97,84,1.07,BR,1627254456
Prome,18.8167,95.2167,298.66,89,100,2.32,MM,1627254457
Talnakh,69.4865,88.3972,287.51,92,98,1.57,RU,1627254457
Torrevieja,37.9787,-0.6822,299.71,83,40,1.67,ES,1627254457
Caconda,-13.7333,15.0667,286.2,37,0,1.81,AO,1627254458
Tavda,58.0425,65.2726,281.95,74,51,2.14,RU,1627254458
Abhar,36.1468,49.218,292.14,87,76,2.93,IR,1627254459
Pangnirtung,66.1451,-65.7125,283.98,87,100,1.01,CA,1627254459
Buchanan,5.8808,-10.0467,297.29,79,72,2.55,LR,1627254459
Sangar,63.9242,127.4739,293.37,53,3,3.06,RU,1627254460
Amnat Charoen,15.9167,104.75,296.16,96,100,4.91,TH,1627254460
Schleswig,54.5167,9.55,292.99,92,68,2.57,DE,1627254461
Dakar,14.6937,-17.4441,300.64,78,100,3.31,SN,1627254350
Vaitape,-16.5167,-151.75,298.74,65,2,4.58,PF,1627254461
