City,Lat,Lng,Max Temp,Humidity,Cloudiness,Wind Speed,County,Date
Merauke,-8.4667,140.3333,300.27,67,96,3.89,ID,1627273725
Margate,51.3813,1.3862,291.1,92,90,0.89,GB,1627274244
Hithadhoo,-0.6,73.0833,300.77,73,100,2.2,MV,1627273856
Klaksvík,62.2266,-6.589,283.66,95,100,2.92,FO,1627273886
Bonnyville,54.2668,-110.735,292.04,51,89,1.75,CA,1627274245
Yellowknife,62.456,-114.3525,286.44,58,75,0.45,CA,1627273836
Arraial do Cabo,-22.9661,-42.0278,293.92,78,0,11.51,BR,1627273624
Carnarvon,-24.8667,113.6333,295.19,57,40,4.63,AU,1627273832
Traiguén,-38.25,-72.6833,276.75,91,32,3.37,CL,1627274246
Nchelenge,-9.3451,28.734,285.5,67,9,3.58,ZM,1627274246
Severo-Kuril'sk,50.6789,156.125,288.79,90,70,2.49,RU,1627273907
Bariloche,-41.1456,-71.3082,269.01,74,0,1.54,AR,1627274137
Tasiilaq,65.6145,-37.6368,278.24,83,22,1.29,GL,1627273882
Itaueira,-7.6033,-43.0256,295.92,53,3,4.9,BR,1627274247
Doha,25.2867,51.5333,310.14,63,53,2.57,QA,1627274145
Guaymas,27.9333,-110.9,302.85,60,0,2.2,MX,1627274248
Puerto Ayora,-0.7393,-90.3518,295.12,89,7,2.24,EC,1627273610
Punta Arenas,-53.15,-70.9167,275.21,69,0,6.69,CL,1627273827
Verkhniy Baskunchak,48.2256,46.7217,299.85,29,66,5.55,RU,1627274249
Hilo,19.7297,-155.09,297.0,91,90,0.0,US,1627273825
Mount Isa,-20.7333,139.5,297.02,17,53,3.09,AU,1627273835
Ribeira Grande,38.5167,-28.7,294.01,86,7,7.09,PT,1627274250
Longyearbyen,78.2186,15.6401,280.06,87,90,2.57,SJ,1627273815
Busselton,-33.65,115.3333,293.17,73,0,11.68,AU,1627273711
Fort Morgan,40.2503,-103.8,296.93,77,1,2.57,US,1627274251
Deputatsky,69.3,139.9,289.27,49,97,3.86,RU,1627273918
Kaitangata,-46.2817,169.8464,281.68,94,100,1.25,NZ,1627273905
Geraldton,-28.7667,114.6,292.38,72,75,8.23,AU,1627273844
Chui,-33.6971,-53.4616,287.5,94,48,3.15,UY,1627273868
Avarua,-21.2078,-159.775,298.18,83,75,2.06,CK,1627273618
Bengkulu,-3.8004,102.2655,302.49,57,2,2.07,ID,1627273606
Hermanus,-34.4187,19.2345,283.6,52,100,3.02,ZA,1627273812
Dikson,73.5069,80.5464,280.05,78,46,1.08,RU,1627273867
Arys,42.4252,68.795,310.27,14,0,7.11,KZ,1627274253
Bolivar,37.6145,-93.4105,297.54,95,2,4.13,US,1627274102
Port Lincoln,-34.7333,135.8667,289.34,60,55,8.84,AU,1627273895
Ushuaia,-54.8,-68.3,274.96,80,40,7.2,AR,1627273810
Faanui,-16.4833,-151.75,298.71,70,49,4.68,PF,1627273622
Thunder Bay,48.4001,-89.3168,292.1,70,75,1.03,CA,1627274243
Bambous Virieux,-20.3428,57.7575,294.29,73,40,5.14,MU,1627273704
Nikolskoye,59.7035,30.7861,293.16,51,57,1.62,RU,1627273841
Touros,-5.1989,-35.4608,295.65,91,16,4.59,BR,1627274254
Panama City,8.9936,-79.5197,298.74,92,90,1.03,PA,1627274244
Kīhei,20.785,-156.4656,301.16,83,40,9.77,US,1627274255
Rikitea,-23.1203,-134.9692,295.33,74,36,3.88,PF,1627273808
Mahébourg,-20.4081,57.7,294.31,73,40,5.14,MU,1627273939
Albany,42.6001,-73.9662,293.92,95,0,1.68,US,1627273588
Lüderitz,-26.6481,15.1594,291.63,32,79,5.76,NA,1627273855
Khatanga,71.9667,102.5,290.86,51,66,0.73,RU,1627273632
Puri,19.8,85.85,303.92,66,100,4.76,IN,1627274257
Lebu,-37.6167,-73.65,281.2,81,14,7.12,CL,1627273593
Ulladulla,-35.35,150.4667,290.86,59,87,6.27,AU,1627274257
Bluff,-46.6,168.3333,283.04,89,100,1.31,NZ,1627273837
Atuona,-9.8,-139.0333,298.7,75,4,10.94,PF,1627273834
Barrow,71.2906,-156.7887,277.16,98,90,6.17,US,1627273846
Poum,-20.2333,164.0167,295.7,67,14,10.27,NC,1627273893
New Norfolk,-42.7826,147.0587,286.87,87,100,0.89,AU,1627273818
East London,-33.0153,27.9116,287.67,30,0,4.63,ZA,1627273843
Porto Torres,40.835,8.3972,297.25,79,54,0.52,IT,1627274259
Vila Franca do Campo,37.7167,-25.4333,293.38,83,57,3.37,PT,1627274259
Saskylakh,71.9167,114.0833,289.61,54,96,6.61,RU,1627273952
Hobart,-42.8794,147.3294,287.07,69,40,0.45,AU,1627273670
Kenai,60.5544,-151.2583,290.39,81,40,4.12,US,1627273883
Snezhnogorsk,69.1933,33.2531,280.03,75,83,7.73,RU,1627274260
Arrondissement de Rennes,48.1667,-1.6667,288.81,100,90,1.54,FR,1627274261
Ostrovnoy,68.0531,39.5131,280.39,89,95,10.25,RU,1627274261
Asău,46.4333,26.4,292.01,70,4,1.51,RO,1627273633
Katsuura,35.1333,140.3,303.23,59,83,8.92,JP,1627273964
Tuktoyaktuk,69.4541,-133.0374,282.15,81,90,3.6,CA,1627273842
Jamestown,42.097,-79.2353,293.95,89,1,0.45,US,1627273768
Canutama,-6.5339,-64.3831,297.11,55,42,0.45,BR,1627274263
Nísia Floresta,-6.0911,-35.2086,296.36,93,32,3.21,BR,1627274263
Uttarkāshi,30.7333,78.45,298.87,90,99,1.08,IN,1627274263
Moerai,-22.4333,-151.3333,297.25,80,100,5.7,PF,1627274264
Zhigansk,66.7697,123.3711,295.91,60,47,0.05,RU,1627274265
Anshun,26.25,105.9333,299.0,63,63,2.42,CN,1627274265
Nome,64.5011,-165.4064,283.19,87,90,5.14,US,1627273824
Altamira,-3.2033,-52.2064,294.55,69,8,0.3,BR,1627273853
Vaini,-21.2,-175.2,299.24,83,75,2.57,TO,1627273611
Butaritari,3.0707,172.7902,298.99,87,100,5.89,KI,1627273617
Walvis Bay,-22.9575,14.5053,297.68,23,38,11.83,NA,1627274266
Nanortalik,60.1432,-45.2371,280.19,75,96,4.71,GL,1627273828
Río Gallegos,-51.6226,-69.2181,273.18,93,0,5.14,AR,1627274267
Cape Town,-33.9258,18.4232,287.38,41,0,2.57,ZA,1627273633
Qaanaaq,77.484,-69.3632,275.85,74,100,1.26,GL,1627273637
Port Elizabeth,-33.918,25.5701,284.31,50,0,3.6,ZA,1627273812
Saldanha,-33.0117,17.9442,287.18,43,100,8.62,ZA,1627274268
Beloha,-25.1667,45.05,289.73,76,2,6.44,MG,1627274269
Xapuri,-10.6517,-68.5044,296.62,64,31,1.2,BR,1627274269
Pangai,-19.8,-174.35,300.21,69,20,1.03,TO,1627274270
Tocopilla,-22.092,-70.1979,288.44,77,39,3.1,CL,1627274270
Sapa,5.1544,120.3241,302.9,72,58,5.31,PH,1627274270
Shīeli,44.1667,66.75,307.79,28,0,8.31,KZ,1627274271
Tongzi,28.7829,105.0877,305.52,58,1,1.25,CN,1627274271
College,64.8569,-147.8028,294.33,58,40,1.54,US,1627274111
Kampong Thom,12.7111,104.8887,305.15,56,100,3.65,KH,1627274272
Aknada,42.4016,46.1723,291.82,80,26,0.79,RU,1627274272
Kibala,9.1104,18.3463,296.12,94,40,0.0,TD,1627274273
Cayenne,4.9333,-52.3333,297.64,91,90,0.0,GF,1627273750
Ipubi,-7.6519,-40.1489,292.16,86,22,3.6,BR,1627274273
Bredasdorp,-34.5322,20.0403,285.77,47,100,4.12,ZA,1627273864
Thompson,55.7435,-97.8558,281.24,76,40,1.54,CA,1627273834
Acaraú,-2.8856,-40.12,297.86,84,10,6.36,BR,1627274274
Potam,27.6,-110.3833,304.22,57,0,2.38,MX,1627274274
Codrington,-38.2667,141.9667,287.15,83,81,7.62,AU,1627273946
Haines Junction,60.7522,-137.5108,289.12,51,95,4.63,CA,1627274275
Mnogovershinnyy,53.9353,139.9242,298.96,48,100,3.51,RU,1627274275
Kruisfontein,-34.0033,24.7314,284.55,34,92,5.44,ZA,1627274276
Kumul,42.8,93.45,307.62,12,3,0.35,CN,1627273637
Nālūt,30.3333,10.85,297.65,30,0,5.26,LY,1627274276
Arni,12.6667,79.2833,305.92,45,100,7.23,IN,1627274277
Upernavik,72.7868,-56.1549,279.5,69,91,1.89,GL,1627273864
Karia,11.7306,11.1629,296.44,85,100,4.68,NG,1627274278
Silifke,36.3778,33.9344,303.5,45,0,1.93,TR,1627274278
Pangnirtung,66.1451,-65.7125,284.32,90,100,2.72,CA,1627273830
Mataura,-46.1927,168.8643,282.86,95,100,0.82,NZ,1627273853
Lorengau,-2.0226,147.2712,302.97,65,38,2.1,PG,1627273935
Kapaa,22.0752,-159.319,302.14,82,20,1.34,US,1627273808
Demba,-5.51,22.2667,291.17,44,34,1.7,CD,1627274279
Constitución,-35.3333,-72.4167,283.67,92,100,3.88,CL,1627274280
Saint George,37.1041,-113.5841,301.78,61,1,1.34,US,1627273561
Tabou,4.423,-7.3528,297.61,75,59,3.16,CI,1627273969
Cabo San Lucas,22.8909,-109.9124,304.15,74,3,3.13,MX,1627273875
Chimoré,-16.9833,-65.1333,294.46,67,12,0.92,BO,1627274281
Ishim,56.1128,69.4902,290.67,46,0,7.1,RU,1627274281
Mahibadhoo,3.7833,72.9667,300.85,77,100,3.99,MV,1627274282
Bethel,41.3712,-73.414,296.45,90,90,0.0,US,1627273921
Krasnosel'kup,65.7,82.4667,290.97,69,99,7.14,RU,1627274112
Buraidah,26.326,43.975,305.4,18,16,2.45,SA,1627273789
Tuatapere,-46.1333,167.6833,283.05,98,100,0.89,NZ,1627273813
Mareeba,-17.0,145.4333,300.06,53,16,3.42,AU,1627274283
Kodinsk,58.6881,99.1844,304.27,30,95,2.99,RU,1627274283
Beringovskiy,63.05,179.3167,282.77,96,99,3.28,RU,1627274284
Malakal,9.5334,31.6605,293.1,96,100,2.18,SS,1627274284
Chokurdakh,70.6333,147.9167,287.04,39,58,4.57,RU,1627274285
Champerico,14.3,-91.9167,300.53,79,89,2.22,GT,1627274128
Sanmenxia,34.7747,111.1814,303.19,60,60,3.57,CN,1627274285
Port Hedland,-20.3167,118.5667,301.18,21,91,4.12,AU,1627274286
Portland,45.5234,-122.6762,299.47,56,20,0.89,US,1627273811
Broken Hill,-31.95,141.4333,290.99,36,5,6.69,AU,1627273968
Port Blair,11.6667,92.75,302.45,77,86,9.25,IN,1627274287
Rome,43.2128,-75.4557,294.73,94,20,1.54,US,1627274287
Alyangula,-13.8483,136.4192,302.08,42,67,3.6,AU,1627274288
Taltal,-25.4,-70.4833,286.27,79,0,0.8,CL,1627274288
Alofi,-19.0595,-169.9187,300.09,69,40,2.06,NU,1627273746
Airai,-8.9266,125.4092,298.58,27,84,1.59,TL,1627273895
Shanhecun,44.7,127.2,306.95,37,94,7.04,CN,1627274289
Pangody,65.85,74.4859,286.78,58,100,4.86,RU,1627274049
Baijiantan,45.6333,85.1833,310.65,14,2,1.95,CN,1627274290
Byron Bay,-28.65,153.6167,294.29,43,57,3.47,AU,1627274290
Ban Nahin,18.2418,104.2122,298.6,96,100,1.03,LA,1627274290
Aquiraz,-3.9014,-38.3911,299.36,84,19,6.19,BR,1627273848
Islamkot,24.6997,70.177,302.93,71,100,9.59,PK,1627274291
Brownsville,25.9018,-97.4975,301.49,84,20,1.34,US,1627274291
Dongning,44.0622,131.1207,310.78,33,92,1.02,CN,1627274292
Necochea,-38.5473,-58.7368,280.79,84,2,5.39,AR,1627274292
Darhan,49.4867,105.9228,297.39,49,2,3.65,MN,1627274292
Kiryat Gat,31.61,34.7642,299.77,74,35,2.41,IL,1627274293
St. George's,12.0564,-61.7485,299.97,89,75,4.63,GD,1627273629
Épernay,49.05,3.95,289.35,98,41,2.95,FR,1627274294
Buala,-8.145,159.5921,301.84,72,36,3.17,SB,1627273976
Mehamn,71.0357,27.8492,281.25,87,75,4.12,NO,1627273687
San Vicente,-26.6167,-54.1333,293.72,47,88,2.45,AR,1627274294
Castro,-24.7911,-50.0119,285.67,58,12,1.76,BR,1627273615
Westport,41.1415,-73.3579,298.01,93,90,0.45,US,1627273746
Ljungby,56.8332,13.9408,291.92,69,91,4.11,SE,1627274295
Puerto Colombia,10.9878,-74.9547,299.2,80,100,1.05,CO,1627274296
Chumikan,54.7183,135.315,296.38,60,74,2.75,RU,1627274296
Sabha,27.0377,14.4283,298.44,32,3,4.78,LY,1627274296
Muros,42.7762,-9.0603,290.36,85,32,2.47,ES,1627274297
Tamano,34.4833,133.95,308.64,59,1,3.06,JP,1627274297
Comodoro Rivadavia,-45.8667,-67.5,279.07,49,0,6.69,AR,1627274298
Lichtenstein,50.75,12.65,291.27,89,31,2.26,DE,1627274298
Saint-Philippe,-21.3585,55.7679,293.9,68,43,4.62,RE,1627273809
Fortuna,40.5982,-124.1573,285.89,90,100,0.45,US,1627274299
Keuruu,62.2667,24.7,290.25,57,35,0.77,FI,1627274299
Provideniya,64.3833,-173.3,283.21,76,90,4.0,RU,1627273916
Vanimo,-2.6741,141.3028,303.01,59,45,2.27,PG,1627274300
Quatre Cocos,-20.2078,57.7625,294.31,61,27,5.49,MU,1627274300
Tura,25.5198,90.2201,302.1,77,100,2.26,IN,1627274301
Lexington Park,38.2668,-76.4538,301.28,83,1,0.45,US,1627274301
Husavik,66.0449,-17.3389,284.1,69,1,5.36,IS,1627273917
Honggang,46.4667,124.8667,294.78,97,100,1.82,CN,1627274302
Chicama,-7.8447,-79.1469,291.27,87,13,2.24,PE,1627274302
Zabul Province,32.25,67.25,305.04,18,43,3.03,AF,1627274303
Flin Flon,54.7682,-101.865,285.31,69,64,0.88,CA,1627274303
Hasaki,35.7333,140.8333,302.2,75,99,9.12,JP,1627273970
Ambilobe,-13.2,49.05,294.45,52,17,1.6,MG,1627273969
Blind River,46.1834,-82.9582,293.21,81,2,1.97,CA,1627274304
Bemidji,47.4736,-94.8803,294.31,74,1,0.0,US,1627274304
Nouadhibou,20.931,-17.0347,294.14,88,0,6.17,MR,1627274305
Umm Kaddadah,13.6017,26.6876,299.75,63,97,5.88,SD,1627274305
Nemuro,43.3236,145.575,298.39,93,3,3.95,JP,1627274306
Jackson,42.4165,-122.8345,304.08,25,1,2.57,US,1627274306
Giohar,2.7809,45.5005,298.66,63,8,8.33,SO,1627274306
Avera,33.194,-82.5271,300.21,70,57,0.76,US,1627273760
Ndélé,8.4109,20.6473,294.05,99,100,1.57,CF,1627274307
Cidreira,-30.1811,-50.2056,293.08,70,93,1.92,BR,1627273857
Colares,38.7992,-9.4469,293.39,83,59,4.47,PT,1627274308
Aiquile,-18.2041,-65.1807,284.88,77,55,1.21,BO,1627274308
Tairua,-37.0167,175.85,288.76,89,18,3.62,NZ,1627274309
Atasū,48.6814,71.6433,297.82,37,0,8.84,KZ,1627274309
Broome,42.2506,-75.833,293.52,84,0,1.17,US,1627274305
Sept-Îles,50.2001,-66.3821,289.44,97,90,0.45,CA,1627274128
Biloela,-24.4167,150.5,295.15,21,24,3.06,AU,1627274310
Tomatlán,19.9333,-105.25,298.61,94,76,0.59,MX,1627274311
Bobcaygeon,44.5462,-78.542,294.95,85,0,2.92,CA,1627274311
Oussouye,12.485,-16.5469,297.22,87,100,0.77,SN,1627273955
Hamilton,39.1834,-84.5333,298.73,89,1,0.0,US,1627273866
Kavaratti,10.5669,72.642,300.81,79,100,8.54,IN,1627274312
North Bend,43.4065,-124.2243,289.77,89,90,13.38,US,1627273891
Castro Verde Municipality,37.6983,-8.0858,291.83,96,59,4.42,PT,1627274312
Clyde River,70.4692,-68.5914,275.28,93,90,1.54,CA,1627274313
Iraquara,-12.2486,-41.6194,285.63,87,0,1.35,BR,1627274313
‘Ewa Beach,21.3156,-158.0072,301.12,67,40,8.05,US,1627273954
Calabozo,8.9242,-67.4293,295.53,96,86,1.28,VE,1627274314
Krasnoarmeysk,51.0239,45.6969,294.86,47,15,1.79,RU,1627274314
Lavumisa,-27.31,31.892,283.03,92,0,1.29,SZ,1627274315
Port Alfred,-33.5906,26.891,288.13,31,77,5.6,ZA,1627273847
Narsaq,60.9167,-46.05,280.27,59,100,1.04,GL,1627273869
Teya,60.3778,92.6267,303.33,32,31,4.19,RU,1627274316
Camacha,33.0833,-16.3333,294.0,94,75,3.09,PT,1627273831
Houma,29.5958,-90.7195,302.04,89,8,2.23,US,1627273800
Bandarbeyla,9.4942,50.8122,299.78,63,90,11.81,SO,1627273890
Lompoc,34.6391,-120.4579,292.47,86,90,2.57,US,1627273616
Vavozh,56.7751,51.931,290.52,47,85,3.86,RU,1627274317
Baharly,38.4362,57.4316,308.14,37,0,6.25,TM,1627274317
San Patricio,28.017,-97.5169,302.07,84,3,3.18,US,1627273845
Dubai,25.2582,55.3047,311.6,43,98,4.63,AE,1627274098
Shelbyville,35.4834,-86.4603,298.84,57,90,0.45,US,1627274318
Whitehorse,60.7161,-135.0538,292.58,37,75,1.03,CA,1627274106
Bondo,3.8146,23.6866,294.1,95,99,0.68,CD,1627274319
Neiafu,-18.65,-173.9833,299.53,83,40,2.06,TO,1627274319
Pontes e Lacerda,-15.2261,-59.3353,294.81,52,9,1.26,BR,1627273964
Trairi,-3.2778,-39.2689,297.68,84,4,4.42,BR,1627274041
Cap Malheureux,-19.9842,57.6142,294.52,70,0,2.24,MU,1627274320
La Ronge,55.1001,-105.2842,288.29,94,75,1.03,CA,1627274320
Kuzino,57.0224,59.4412,286.7,53,100,3.06,RU,1627274321
Los Llanos de Aridane,28.6585,-17.9182,293.22,81,20,6.69,ES,1627274321
Antibes,43.5624,7.1278,296.86,82,75,3.09,FR,1627274322
Aragarças,-15.8975,-52.2508,291.91,43,26,0.73,BR,1627274322
Daru,-9.0763,143.2092,298.34,79,100,5.46,PG,1627274323
Rawson,-43.3002,-65.1023,278.97,48,31,8.69,AR,1627273854
Banda Aceh,5.5577,95.3222,303.48,67,99,5.92,ID,1627274323
Atar,20.5169,-13.0499,302.45,33,79,0.79,MR,1627274318
Ust'-Koksa,50.2696,85.6108,297.94,46,51,0.54,RU,1627274324
São Filipe,14.8961,-24.4956,296.3,75,89,1.79,CV,1627273975
Davila,18.4726,120.5763,300.14,86,99,11.9,PH,1627274324
Neyvo-Shaytanskiy,57.7286,61.2496,287.55,56,89,3.83,RU,1627274325
Tørring,55.85,9.4833,291.61,98,94,3.41,DK,1627274325
Nebaj,15.4058,-91.1461,289.47,93,57,1.04,GT,1627274326
Ketchikan,55.3422,-131.6461,287.41,82,40,2.57,US,1627274326
Novoagansk,61.9449,76.6625,284.6,96,100,7.65,RU,1627274326
Eenhana,-17.4667,16.3333,286.01,52,0,5.28,NA,1627274327
Morón,-34.6534,-58.6198,285.01,96,0,2.16,AR,1627273921
Nānākuli,21.3906,-158.1547,301.12,69,90,4.12,US,1627274328
Solnechnyy,50.7214,136.6319,304.63,44,100,4.5,RU,1627273892
Okhotsk,59.3833,143.3,288.99,87,91,0.37,RU,1627273755
Ponta do Sol,32.6667,-17.1,295.38,84,3,1.43,PT,1627274328
Tiksi,71.6872,128.8694,283.06,83,88,5.67,RU,1627273850
George Town,5.4112,100.3354,305.31,72,20,1.54,MY,1627273790
Jalu,29.0331,21.5482,297.03,52,0,3.35,LY,1627273962
Ouargaye,11.5033,0.0572,297.72,74,49,3.2,BF,1627274329
Usinsk,65.9939,57.5281,281.87,76,100,4.99,RU,1627273911
Karratha,-20.7377,116.8463,300.31,30,70,4.27,AU,1627274289
Kailua,21.4022,-157.7394,301.14,73,75,6.17,US,1627274214
La Maddalena,41.2142,9.4083,298.24,80,96,2.9,IT,1627274331
Sri Aman,1.2376,111.4621,305.18,70,40,1.54,MY,1627274331
Nouakchott,18.0858,-15.9785,297.11,80,21,7.79,MR,1627273915
Dunedin,-45.8742,170.5036,283.6,80,100,4.47,NZ,1627274332
Rameswaram,9.2833,79.3,301.92,73,97,8.88,IN,1627274332
Torbay,47.6666,-52.7314,286.64,94,90,2.06,CA,1627273686
Hammerfest,70.6634,23.6821,280.4,87,75,3.6,NO,1627274333
Norman Wells,65.282,-126.8329,292.17,68,90,5.14,CA,1627273658
Capoterra,39.1763,8.9718,299.0,78,0,4.12,IT,1627274334
Antalaha,-14.9003,50.2788,294.5,74,63,4.33,MG,1627274334
Palauig,15.435,119.9045,301.67,85,97,5.94,PH,1627274334
Simao,22.7886,100.9748,294.23,91,90,0.81,CN,1627274335
Cockburn Town,21.4612,-71.1419,300.97,83,60,8.38,TC,1627273901
Bonfim,3.0833,-59.95,296.6,91,100,0.89,BR,1627274335
Kyren,51.6828,102.1408,298.0,47,16,1.6,RU,1627274336
Bairiki Village,1.3292,172.9752,303.15,74,75,4.63,KI,1627273907
São Gabriel da Cachoeira,-0.1303,-67.0892,294.97,98,99,0.81,BR,1627274337
Cherskiy,68.75,161.3,285.63,46,0,7.74,RU,1627273819
Glazunovka,52.4986,36.3275,292.17,59,60,2.05,RU,1627274337
Ballina,-28.8667,153.5667,294.25,28,59,3.6,AU,1627273826
Pacific Grove,36.6177,-121.9166,291.28,90,90,1.79,US,1627274288
Honningsvåg,70.9821,25.9704,281.01,76,90,4.12,NO,1627274338
Mar del Plata,-38.0023,-57.5575,280.93,62,0,0.45,AR,1627273599
Saint-Leu,-21.15,55.2833,293.61,64,12,2.9,RE,1627274339
Severodvinsk,64.5635,39.8302,287.21,92,100,3.06,RU,1627274339
Ankazoabo,-22.2833,44.5167,288.6,55,6,4.18,MG,1627274340
Vao,-22.6667,167.4833,294.36,63,92,7.85,NC,1627274340
Kirkwall,58.9848,-2.9587,287.34,100,75,0.0,GB,1627274340
Tezu,27.9167,96.1667,302.03,89,100,0.39,IN,1627274341
Ilulissat,69.2167,-51.1,283.16,46,100,5.66,GL,1627274341
Ellenabad,29.45,74.65,310.26,45,30,4.32,IN,1627274342
Jijiga,9.35,42.8,288.68,77,92,9.92,ET,1627274342
Esim,4.8699,-2.2405,296.65,79,33,3.73,GH,1627274343
Juegang,32.3174,121.1855,299.19,94,100,13.12,CN,1627274343
Saint Paul Harbor,57.79,-152.4072,285.88,76,90,4.63,US,1627273612
Tres Arroyos,-38.3739,-60.2798,277.5,73,10,3.25,AR,1627274344
Hidrolândia,-4.4081,-40.4378,294.86,59,6,0.5,BR,1627274344
Verkh-Usugli,52.7,115.1667,288.97,75,100,2.51,RU,1627274344
Shubarshi,48.5872,57.1869,299.62,30,0,4.09,KZ,1627273884
Pingshan,22.9938,114.7131,307.52,57,99,0.77,CN,1627274345
Kirakira,-10.4544,161.9205,302.05,65,82,4.74,SB,1627274345
Chiredzi,-21.05,31.6667,283.19,89,27,0.87,ZW,1627273844
Ca Mau,9.1769,105.15,306.25,52,46,4.85,VN,1627274346
Bridlington,54.0831,-0.1919,288.09,89,100,3.21,GB,1627274346
Philadelphia,39.9523,-75.1638,299.29,87,1,2.57,US,1627274184
São João da Barra,-21.6403,-41.0511,292.69,81,0,6.31,BR,1627274347
Ol'ga,43.7444,135.2892,300.65,71,30,3.76,RU,1627274347
Tateyama,34.9833,139.8667,306.56,57,65,5.83,JP,1627274348
Hualmay,-11.0964,-77.6139,290.23,86,10,4.28,PE,1627274348
Abū Zabad,12.35,29.25,296.08,85,100,7.35,SD,1627274349
Belle Fourche,44.6714,-103.8522,303.51,45,12,2.26,US,1627274349
Bundaberg,-24.85,152.35,294.38,37,58,2.24,AU,1627274350
Makokou,0.5738,12.8642,293.53,90,100,1.69,GA,1627274350
Dekar,-21.5333,21.9333,276.69,84,8,3.8,BW,1627274351
Nova Viçosa,-17.8919,-39.3719,293.53,86,27,2.46,BR,1627274179
Krasnaya Gora,52.9995,31.6023,291.1,73,4,2.58,RU,1627274351
Hong Kong,22.2855,114.1577,307.57,77,70,2.68,HK,1627273619
Fairbanks,64.8378,-147.7164,294.34,58,40,3.09,US,1627274131
Gamba,-2.65,10.0,293.55,94,69,1.19,GA,1627274352
Wajid,3.8093,43.2471,295.3,72,46,10.07,SO,1627274353
Grants,35.1473,-107.8514,290.28,82,1,0.0,US,1627274353
Olafsvik,64.8945,-23.7142,282.69,82,85,5.55,IS,1627273899
General Pico,-35.6566,-63.7568,279.74,55,14,3.15,AR,1627274354
Fort Dodge,42.4975,-94.168,296.15,88,1,0.0,US,1627274354
Krasnyy Chikoy,50.3643,108.7512,296.67,45,37,3.05,RU,1627274355
Faya,18.3851,42.4509,292.21,71,59,2.84,SA,1627274355
Kamina,-8.7386,24.9906,285.47,53,93,3.32,CD,1627274356
Isangel,-19.55,169.2667,297.02,74,95,7.2,VU,1627273605
Dutse,11.7594,9.3392,294.89,92,100,4.02,NG,1627274356
Rewa,24.5333,81.3,299.2,80,100,6.14,IN,1627274357
Dudinka,69.4058,86.1778,291.46,50,70,1.57,RU,1627274357
Luanda,-8.8368,13.2343,293.15,88,40,1.03,AO,1627273840
Kamari,36.8,25.8167,296.53,79,0,10.89,GR,1627274358
Hambantota,6.1241,81.1185,303.34,74,20,10.29,LK,1627273668
San Nicolas,18.1725,120.5953,300.1,94,90,4.63,PH,1627274358
Kjøllefjord,70.9457,27.3465,281.18,87,75,4.12,NO,1627274359
Batagay-Alyta,67.8006,130.4114,289.78,72,100,1.46,RU,1627273855
Sergeevka,53.88,67.4158,291.52,39,0,4.9,KZ,1627274359
Jiaxing,30.7522,120.75,299.16,97,100,8.19,CN,1627274360
Poso,-1.3959,120.7524,304.19,54,25,2.08,ID,1627274360
Paamiut,61.994,-49.6678,282.22,60,100,2.48,GL,1627273745
Mayo,38.8876,-76.5119,301.14,87,20,0.0,US,1627274361
Yerbogachën,61.2767,108.0108,302.36,32,32,1.82,RU,1627274154
Juneau,58.3019,-134.4197,289.15,88,75,2.06,US,1627274125
Naze,28.3667,129.4833,301.66,93,100,7.39,JP,1627273858
Rio Grande,-32.035,-52.0986,289.59,89,54,3.24,BR,1627273917
Presidencia Roque Sáenz Peña,-26.7852,-60.4388,291.98,65,100,4.23,AR,1627274362
Lagoa,39.05,-27.9833,293.56,83,14,5.78,PT,1627274363
São Borja,-28.6606,-56.0044,295.48,58,100,1.39,BR,1627274363
Sarangani,5.4033,125.4636,302.3,71,62,5.47,PH,1627274363
Ponta Delgada,37.7333,-25.6667,293.55,88,75,2.57,PT,1627274364
Fort Nelson,58.8053,-122.7002,290.92,82,20,2.57,CA,1627274364
Laguna,38.421,-121.4238,306.05,35,1,5.14,US,1627274365
Sitka,57.0531,-135.33,287.09,77,75,1.54,US,1627273877
Volta Redonda,-22.5231,-44.1042,286.59,68,0,0.7,BR,1627274232
Kavieng,-2.5744,150.7967,301.65,69,35,2.03,PG,1627273886
Tautira,-17.7333,-149.15,299.16,73,5,3.08,PF,1627273924
Lokachi,50.737,24.6494,292.45,65,87,5.14,UA,1627274366
Olinda,-8.0089,-34.8553,295.0,88,75,1.54,BR,1627274366
Hinton,53.4001,-117.5857,287.65,95,96,1.39,CA,1627274367
Erzin,36.9559,36.2,299.55,59,0,1.35,TR,1627274367
Dalbandin,28.8947,64.4101,312.73,8,3,1.77,PK,1627274368
Kokopo,-4.352,152.2633,300.41,77,54,0.79,PG,1627274368
Valparaíso,-33.0393,-71.6273,285.64,90,75,2.06,CL,1627274369
Gravdal,68.1214,13.5031,285.17,87,100,1.29,NO,1627273848
Santiago,-33.4569,-70.6483,284.74,74,40,3.09,CL,1627274370
Pevek,69.7008,170.3133,275.34,89,54,5.72,RU,1627273818
Seoul,37.5683,126.9778,308.81,42,20,2.57,KR,1627273795
Bac Lieu,9.285,105.7244,304.53,61,79,4.95,VN,1627274371
Nikolayevskaya,47.6139,41.5023,297.89,44,75,5.61,RU,1627274371
Marzuq,14.4,46.4667,297.08,69,44,3.74,YE,1627274372
Kyshtovka,56.555,76.6271,287.98,94,100,5.62,RU,1627274372
Grand-Lahou,5.1367,-5.0242,296.86,86,9,3.4,CI,1627274373
Tarakan,3.3,117.6333,301.87,79,40,3.09,ID,1627274373
Roald,62.5833,6.1333,291.67,100,98,4.63,NO,1627274374
Mount Gambier,-37.8333,140.7667,286.1,94,75,8.23,AU,1627273849
Bilma,18.6853,12.9164,303.79,49,100,2.12,NE,1627274374
Bikaner,28.0167,73.3,308.18,48,91,6.23,IN,1627274209
Forsytheganj,52.6333,29.7333,290.58,88,50,2.32,BY,1627273604
Kalanguy,51.0167,116.5167,293.57,59,88,3.51,RU,1627274375
Kosa,59.9445,54.9977,288.49,61,99,3.33,RU,1627274376
Ogōri-shimogō,34.1,131.4,305.51,59,0,3.92,JP,1627274376
Aklavik,68.2191,-135.0107,285.61,87,100,3.75,CA,1627273952
Santa Isabel Rio Negro,-0.4139,-65.0192,295.23,98,100,1.16,BR,1627274377
Port-Gentil,-0.7193,8.7815,297.17,80,86,2.54,GA,1627274377
Elk City,35.412,-99.4043,297.42,78,75,0.0,US,1627274378
La Palma,33.8464,-118.0467,298.88,79,1,0.89,US,1627274378
Hyderabad,17.3753,78.4744,300.88,72,75,4.12,IN,1627274090
Nikkō,36.75,139.6167,303.12,53,87,3.26,JP,1627274379
Souillac,-20.5167,57.5167,294.36,73,40,5.14,MU,1627273814
Dingle,10.9995,122.6711,304.62,61,98,7.42,PH,1627273709
Powell River,49.8496,-124.5361,296.3,75,20,1.91,CA,1627274379
Muli,2.9167,73.5667,301.09,74,96,0.93,MV,1627274380
Talnakh,69.4865,88.3972,291.35,74,99,1.7,RU,1627273847
Te Anau,-45.4167,167.7167,280.82,94,100,1.27,NZ,1627274380
Florianópolis,-27.6146,-48.5012,291.16,91,0,0.45,BR,1627274381
Udachny,66.4167,112.4,303.12,35,9,6.36,RU,1627274381
San Rafael,-34.6177,-68.3301,280.26,47,47,2.02,AR,1627274344
Maïné Soroa,13.2114,12.0241,299.71,71,100,5.47,NE,1627274382
Takoradze,4.8845,-1.7554,296.36,81,77,3.83,GH,1627274092
Bom Jesus,-9.0744,-44.3586,291.15,81,2,0.94,BR,1627274383
Wagga Wagga,-35.1167,147.3667,288.38,77,75,7.72,AU,1627274383
Paralímni,35.0375,33.9833,299.5,83,0,0.89,CY,1627274384
Kangaba,11.9333,-8.4167,295.3,95,55,1.88,ML,1627274384
Saint-Pierre,-21.3393,55.4781,293.95,60,0,3.6,RE,1627274385
Saquena,-4.6667,-73.5167,295.28,97,98,1.04,PE,1627274385
Iqaluit,63.7506,-68.5145,283.0,87,75,2.68,CA,1627273706
Oistins,13.0667,-59.5333,298.2,94,40,3.09,BB,1627274206
Anadyr,64.75,177.4833,287.43,82,20,3.58,RU,1627274123
Sikeston,36.8767,-89.5879,300.09,89,1,3.09,US,1627274386
Bowen,-20.0167,148.2333,297.27,50,57,7.95,AU,1627274117
Balkanabat,39.5108,54.3671,304.49,55,6,2.91,TM,1627274173
Tabuk,17.4189,121.4443,302.27,70,100,0.34,PH,1627274387
Half Moon Bay,37.4636,-122.4286,295.25,81,1,0.45,US,1627274387
Praia,14.9215,-23.5087,297.45,78,20,2.57,CV,1627273833
Ankpa,7.3706,7.6253,292.81,97,90,2.38,NG,1627274388
Esperance,-33.8667,121.9,291.06,60,2,9.14,AU,1627273815
Namatanai,-3.6667,152.4333,301.46,71,69,0.79,PG,1627273865
Angoche,-16.2325,39.9086,295.51,55,81,5.72,MZ,1627274389
Pakxan,18.3778,103.6601,299.73,89,100,2.85,LA,1627274389
Lima,-12.0432,-77.0282,289.34,82,75,4.12,PE,1627274206
Assiut,27.181,31.1837,298.25,54,0,3.23,EG,1627274390
Mbuji-Mayi,-6.15,23.6,293.05,41,27,3.66,CD,1627274390
San Fernando,15.0286,120.6898,305.16,72,98,7.21,PH,1627274391
Leshukonskoye,64.8989,45.7622,283.28,73,100,3.58,RU,1627274391
Tilichiki,60.4667,166.1,286.37,91,99,3.24,RU,1627273850
Urusha,54.05,122.9,293.64,88,72,2.78,RU,1627274392
Biu,10.6129,12.1946,293.04,94,100,3.36,NG,1627274392
Payo,-3.7508,103.6372,304.48,44,7,2.39,ID,1627273949
Hobyo,5.3505,48.5268,298.55,70,85,10.61,SO,1627273963
Saint Anthony,45.0205,-93.218,298.32,61,1,0.45,US,1627274393
Caravelas,-17.7125,-39.2481,292.78,90,42,1.41,BR,1627273946
Awjilah,29.1081,21.2869,296.96,54,0,3.48,LY,1627274394
Itaituba,-4.2761,-55.9836,295.18,64,71,0.41,BR,1627274394
Camaná,-16.6228,-72.7111,288.87,88,62,3.08,PE,1627273894
Xinmin,41.9908,122.8253,308.31,51,100,7.14,CN,1627274395
Kaeo,-35.1,173.7833,288.89,82,60,5.1,NZ,1627273884
Lipin Bor,60.2622,37.9763,289.58,73,100,4.09,RU,1627274395
Belmonte,-15.8631,-38.8828,292.43,83,62,2.94,BR,1627273881
Garoowe,8.4054,48.4845,297.44,48,93,11.77,SO,1627274396
Bulnes,-36.7423,-72.2985,282.64,95,100,0.84,CL,1627274396
Burnie,-41.0667,145.9167,285.53,84,93,7.21,AU,1627274397
Phalaborwa,-23.943,31.1411,282.75,84,2,2.19,ZA,1627274398
Jejūri,18.2833,74.1667,296.8,81,97,7.04,IN,1627274398
Kalmunai,7.4167,81.8167,305.19,54,74,0.96,LK,1627274398
Muroto-misakicho,33.2833,134.15,302.17,77,3,2.85,JP,1627274399
Lavrentiya,65.5833,-171.0,279.84,98,100,2.91,RU,1627273712
Arrondissement de Foix,42.8333,1.5833,288.15,39,74,0.65,FR,1627274400
Bangangté,5.1409,10.5198,287.39,97,97,1.7,CM,1627274400
Villaviciosa,43.4813,-5.4357,290.6,91,23,1.83,ES,1627274401
Clonakilty,51.6231,-8.8706,288.71,86,82,2.76,IE,1627274401
Mana,5.6592,-53.7767,297.48,90,72,2.24,GF,1627274401
Bukama,-9.2,25.85,290.05,46,34,1.49,CD,1627274402
Panjakent,39.4952,67.6093,303.04,13,0,2.98,TJ,1627274403
Srednekolymsk,67.45,153.6833,288.7,36,72,6.11,RU,1627274403
Huarmey,-10.0681,-78.1522,290.9,89,4,4.14,PE,1627274403
Saint-Louis,16.3333,-15.0,298.9,73,5,5.72,SN,1627274404
Kimbe,-5.5502,150.1429,301.31,79,73,0.4,PG,1627273961
Grand Gaube,-20.0064,57.6608,294.37,71,1,1.79,MU,1627273821
Vardø,70.3705,31.1107,281.26,75,58,10.34,NO,1627273957
Aykhal,66.0,111.5,301.99,36,6,6.0,RU,1627274405
Kearney,40.6995,-99.0815,294.26,89,1,0.89,US,1627274406
Bom Jesus da Lapa,-13.255,-43.4181,291.89,59,10,1.24,BR,1627274406
Dargaville,-35.9333,173.8833,286.35,85,73,5.88,NZ,1627274407
Loandjili,-4.7561,11.8578,295.21,94,90,0.0,CG,1627274407
Alta Floresta,-9.8756,-56.0861,293.43,54,4,1.22,BR,1627273883
Goundam,16.4145,-3.6708,304.01,52,44,5.64,ML,1627274408
Kiknur,57.3034,47.2011,290.91,51,92,2.54,RU,1627274408
Zhangjiakou,40.81,114.8794,299.77,69,100,2.49,CN,1627274347
Song Phi Nong,14.2241,100.0209,302.06,68,99,4.35,TH,1627274409
Motygino,58.1831,94.7592,304.17,29,35,4.05,RU,1627274409
Ahipara,-35.1667,173.1667,286.51,85,85,7.04,NZ,1627274409
Puerto Escondido,15.85,-97.0667,299.61,73,40,0.0,MX,1627274410
Cedar City,37.6775,-113.0619,295.47,59,1,2.06,US,1627274410
Lethem,3.3803,-59.7968,296.21,93,100,2.04,GY,1627274411
Enshi,30.3,109.4833,305.84,56,3,0.5,CN,1627274411
Leningradskiy,69.3833,178.4167,276.65,88,99,2.04,RU,1627273682
Horsham,51.064,-0.3272,290.21,80,75,2.57,GB,1627273956
Lakselv,70.0513,24.9718,284.05,87,75,2.06,NO,1627274412
Virginia Beach,36.8529,-75.978,300.19,79,75,5.66,US,1627274413
Nuquí,5.7125,-77.2708,297.22,89,100,0.67,CO,1627274413
Port-Cartier,50.0334,-66.8654,289.27,98,100,1.82,CA,1627274413
Jumla,29.2747,82.1838,293.99,88,100,1.68,NP,1627274414
Guéret,46.1667,1.8667,287.5,98,82,2.01,FR,1627274414
Namanga,-2.5433,36.7905,287.81,54,41,4.79,KE,1627274415
Kangalassy,62.3464,129.9628,302.11,28,25,4.3,RU,1627274415
Polyarnyye Zori,67.3661,32.4981,282.53,100,59,4.39,RU,1627274415
Sarti,40.1,23.9833,298.09,57,0,2.44,GR,1627274416
Dawei,14.0833,98.2,298.48,92,100,1.41,MM,1627274416
Baykit,61.67,96.37,304.3,31,52,3.68,RU,1627274417
Strání,48.9022,17.7067,290.81,91,74,1.09,CZ,1627274417
São Félix do Xingu,-6.6447,-51.995,294.46,54,4,1.05,BR,1627273755
Praia da Vitória,38.7333,-27.0667,293.29,83,75,4.86,PT,1627274418
Meulaboh,4.1363,96.1285,302.98,65,86,1.47,ID,1627274418
Sfântu Gheorghe,45.8667,25.7833,292.55,82,11,1.19,RO,1627274419
Pacov,49.4708,15.0017,290.11,94,44,0.76,CZ,1627274419
Khorramabad,33.4878,48.3558,299.94,29,40,1.03,IR,1627274420
Caucayá,-0.1934,-74.7819,294.36,98,100,0.69,CO,1627274420
Klyuchi,52.2667,79.1667,299.81,50,0,7.21,RU,1627274421
Colchester,51.8892,0.9042,290.88,93,38,2.55,GB,1627274421
Yulara,-25.2406,130.9889,298.06,12,2,5.66,AU,1627273871
Waddān,29.1614,16.139,296.28,60,0,2.53,LY,1627274422
Inírida,3.8653,-67.9239,295.33,98,100,0.67,CO,1627274422
Belogorsk,50.9158,128.4611,297.65,77,100,0.85,RU,1627274423
Adré,13.4667,22.2,295.88,80,95,1.29,TD,1627274423
Ürümqi,43.801,87.6005,305.68,18,0,2.0,CN,1627274423
Pacifica,37.6138,-122.4869,295.15,89,75,0.45,US,1627274424
Fort Smith,35.3859,-94.3986,301.67,86,1,1.54,US,1627274424
Tual,-5.6667,132.75,299.83,78,74,9.23,ID,1627274425
Petropavlovka,50.6114,105.3196,297.46,47,53,2.22,RU,1627274425
Shetpe,44.1667,52.1167,303.51,20,0,6.84,KZ,1627274426
Puerto Quijarro,-17.7833,-57.7667,294.83,46,0,1.1,BO,1627274426
Eldama Ravine,0.0516,35.7308,284.83,85,63,0.35,KE,1627274426
Port Macquarie,-31.4333,152.9167,294.2,42,0,2.55,AU,1627273977
Miraflores,19.2167,-98.8083,290.51,82,71,0.67,MX,1627274427
Makushino,55.2103,67.2442,290.88,43,0,6.0,RU,1627274427
Inza,53.8533,46.3586,292.27,52,32,1.81,RU,1627274428
Nantucket,41.2835,-70.0995,296.48,92,75,7.2,US,1627274192
Malbork,54.0359,19.0266,293.64,71,46,3.11,PL,1627274428
Inhambane,-23.865,35.3833,289.14,82,20,2.57,MZ,1627274429
Gore,-46.1028,168.9436,282.72,96,100,1.17,NZ,1627274429
Rumphi,-11.0186,33.8575,285.53,84,59,1.21,MW,1627274430
Kahului,20.8947,-156.47,301.16,82,40,9.77,US,1627273849
Yakeshi,49.2833,120.7333,296.6,56,82,0.8,CN,1627274430
Harrison,30.4091,-89.0436,300.18,93,20,0.0,US,1627274431
Constanța,44.1833,28.65,293.54,61,0,3.01,RO,1627274431
Sioux Lookout,50.1001,-91.917,293.36,82,75,0.0,CA,1627273881
Adrar,20.5022,-10.0711,302.09,35,0,4.47,MR,1627273948
Toyooka,35.5333,134.8333,305.18,55,40,3.6,JP,1627274432
Denpasar,-8.65,115.2167,300.96,78,20,3.09,ID,1627274264
Itarema,-2.9248,-39.9167,297.93,84,11,6.33,BR,1627273922
Agüimes,27.9054,-15.4461,293.52,73,20,13.89,ES,1627274433
Nur-Sultan,51.1801,71.446,293.12,56,0,6.0,KZ,1627274433
Fomboni,-12.28,43.7425,297.12,74,95,8.16,KM,1627274434
Kieta,-6.2167,155.6333,301.12,78,60,1.73,PG,1627273947
Coquimbo,-29.9533,-71.3436,283.0,93,0,2.57,CL,1627274285
Matara,5.9485,80.5353,301.35,79,61,6.61,LK,1627274435
Igrim,63.1906,64.4162,290.16,49,14,4.61,RU,1627274435
Kirkenes,69.7271,30.0458,282.27,76,75,4.12,NO,1627274436
Severo-Yeniseyskiy,60.3725,93.0408,301.41,32,33,4.19,RU,1627274436
Chabahar,25.2919,60.643,303.58,76,20,1.92,IR,1627274437
Taywarah,33.35,64.4167,296.75,17,0,3.67,AF,1627274437
Derzhavīnsk,51.1,66.3167,293.83,50,7,5.93,KZ,1627273896
Yumen,40.2833,97.2,305.46,14,5,6.87,CN,1627274438
Yanam,16.7333,82.2167,304.37,55,77,5.42,IN,1627274438
Homer,59.6425,-151.5483,289.86,66,1,4.12,US,1627274369
Mmabatho,-25.85,25.6333,273.13,80,0,1.54,ZA,1627273896
Sangar,63.9242,127.4739,301.71,37,3,5.44,RU,1627274439
Kutulik,53.3508,102.7839,298.71,38,3,4.91,RU,1627274439
Yangi Marg`ilon,40.4272,71.7189,309.55,19,0,2.06,UZ,1627274440
Ayan,56.45,138.1667,291.31,80,45,3.98,RU,1627273927
Tessalit,20.1986,1.0114,305.26,34,79,5.51,ML,1627274440
Kanel,15.4916,-13.1763,302.75,58,75,6.0,SN,1627274441
Samarai,-10.6167,150.6667,299.17,78,97,7.89,PG,1627274441
Mogzon,51.7435,111.9606,291.82,59,99,3.13,RU,1627274442
Coffeyville,37.0373,-95.6164,297.4,97,1,3.09,US,1627274442
Vuktyl,63.8567,57.3094,284.49,75,86,4.35,RU,1627274443
Creel,27.75,-107.6333,286.18,88,100,0.77,MX,1627274443
Yershov,51.3513,48.2766,294.43,33,74,1.47,RU,1627274443
