City,Lat,Lng,Max Temp,Humidity,Cloudiness,Wind Speed,County,Date
Cherskiy,68.75,161.3,274.6,94,15,7.89,RU,1627385932
Arman',59.7,150.1667,288.29,66,78,2.75,RU,1627385932
Busselton,-33.65,115.3333,282.64,62,93,6.7,AU,1627385933
Marialva,-23.485,-51.7917,292.41,41,22,1.75,BR,1627385933
Luleå,65.5842,22.1547,295.19,60,0,4.12,SE,1627385934
East London,-33.0153,27.9116,302.67,14,0,7.2,ZA,1627385934
Alofi,-19.0595,-169.9187,293.09,100,55,0.0,NU,1627385934
Kristiansund,63.1115,7.732,299.18,60,0,4.63,NO,1627385935
Morant Bay,17.8815,-76.4093,299.94,81,99,3.5,JM,1627385806
Saint-Philippe,-21.3585,55.7679,296.9,75,99,5.23,RE,1627385935
Mäntsälä,60.6609,25.2838,302.66,29,80,4.15,FI,1627385936
Ushuaia,-54.8,-68.3,274.96,87,75,0.0,AR,1627385936
Hithadhoo,-0.6,73.0833,301.03,74,100,3.04,MV,1627385937
Nikolayevsk-on-Amur,53.1406,140.73,290.75,95,100,0.85,RU,1627385937
Port Lincoln,-34.7333,135.8667,288.19,74,65,13.78,AU,1627385938
Cabo San Lucas,22.8909,-109.9124,302.32,76,22,4.32,MX,1627385938
Kiryat Gat,31.61,34.7642,307.26,38,0,6.99,IL,1627385938
Bundaberg,-24.85,152.35,288.83,88,75,0.0,AU,1627385939
Yellowknife,62.456,-114.3525,284.44,76,90,0.89,CA,1627385939
Byron Bay,-28.65,153.6167,288.74,73,0,5.0,AU,1627385692
Valkeala,60.9401,26.7979,304.99,30,0,2.57,FI,1627385940
Carnarvon,-24.8667,113.6333,291.19,63,46,4.12,AU,1627385940
Seoul,37.5683,126.9778,304.93,60,40,1.54,KR,1627385668
Lorengau,-2.0226,147.2712,301.21,75,61,3.7,PG,1627385941
Rikitea,-23.1203,-134.9692,296.79,75,100,8.04,PF,1627385941
Barrow,71.2906,-156.7887,278.16,93,90,2.06,US,1627385942
Leningradskiy,69.3833,178.4167,275.58,97,100,2.13,RU,1627385942
Albany,42.6001,-73.9662,294.35,90,1,0.64,US,1627385890
Sitka,57.0531,-135.33,287.09,82,90,1.54,US,1627385943
Concepción,-36.827,-73.0498,275.04,93,0,1.54,CL,1627385944
Atuona,-9.8,-139.0333,298.36,70,54,9.24,PF,1627385944
Hermanus,-34.4187,19.2345,291.93,69,1,11.56,ZA,1627385945
College,64.8569,-147.8028,288.33,80,90,3.6,US,1627385945
Klaksvík,62.2266,-6.589,285.66,98,100,4.55,FO,1627385945
Kieta,-6.2167,155.6333,299.58,83,71,2.05,PG,1627385946
Mount Gambier,-37.8333,140.7667,288.1,72,90,9.77,AU,1627385946
Puerto Ayora,-0.7393,-90.3518,294.49,75,76,4.39,EC,1627385947
San Cristobal,7.7669,-72.225,292.25,99,99,1.28,VE,1627385947
Haukipudas,65.1765,25.3523,301.01,41,3,2.13,FI,1627385947
Walvis Bay,-22.9575,14.5053,305.68,12,0,6.17,NA,1627385948
Mataura,-46.1927,168.8643,281.75,82,89,1.63,NZ,1627385948
Kulhudhuffushi,6.6221,73.07,300.82,77,100,8.59,MV,1627385949
Tuatapere,-46.1333,167.6833,281.94,85,85,3.46,NZ,1627385949
Punta Arenas,-53.15,-70.9167,278.21,87,75,3.6,CL,1627385746
Dikson,73.5069,80.5464,278.77,96,100,8.94,RU,1627385950
Avarua,-21.2078,-159.775,293.18,94,20,0.51,CK,1627385950
Shizunai-furukawachō,42.3339,142.3669,294.85,92,86,3.63,JP,1627385739
Souillac,-20.5167,57.5167,296.36,78,75,6.17,MU,1627385951
Palu,-0.8917,119.8707,298.58,95,68,0.76,ID,1627385951
Ahipara,-35.1667,173.1667,285.81,74,7,5.18,NZ,1627385952
Pacific Grove,36.6177,-121.9166,291.64,90,20,0.45,US,1627385796
Honiara,-9.4333,159.95,298.91,89,94,3.18,SB,1627385952
Lompoc,34.6391,-120.4579,290.13,93,90,0.0,US,1627385674
Narsaq,60.9167,-46.05,285.27,67,100,2.19,GL,1627385953
Tromsø,69.6496,18.957,297.51,68,0,4.63,NO,1627385696
Tasiilaq,65.6145,-37.6368,279.24,84,27,0.84,GL,1627385953
Indianola,41.3581,-93.5574,294.23,92,1,3.58,US,1627385865
Troitsko-Pechorsk,62.7084,56.1964,283.97,65,90,5.11,RU,1627385954
Lar,26.2039,83.9717,301.71,80,97,1.22,IN,1627385954
Biak,-0.9131,122.8766,297.37,77,72,3.35,ID,1627385955
Vaini,-21.2,-175.2,294.24,83,90,3.6,TO,1627385955
Goderich,43.7501,-81.7165,293.66,88,25,2.57,CA,1627385956
Nabire,-3.3667,135.4833,298.61,90,79,1.94,ID,1627385956
Kapaa,22.0752,-159.319,299.33,82,40,0.89,US,1627385957
Lampitak,6.4322,125.0525,293.79,92,90,0.61,PH,1627385957
Hambantota,6.1241,81.1185,306.34,58,40,8.75,LK,1627385957
Petropavlovsk-Kamchatskiy,53.0452,158.6483,291.48,82,75,7.0,RU,1627385958
Baharly,38.4362,57.4316,313.24,12,0,5.39,TM,1627385958
New Norfolk,-42.7826,147.0587,286.85,58,99,1.79,AU,1627385959
Tiarei,-17.5333,-149.3333,296.16,78,28,3.23,PF,1627385959
Darhan,49.4867,105.9228,295.06,62,1,2.0,MN,1627385959
Korla,41.7597,86.1469,311.24,11,0,2.79,CN,1627385960
Stephenville,32.2207,-98.2023,298.15,80,1,0.0,US,1627385960
‘Ewa Beach,21.3156,-158.0072,299.12,68,40,8.05,US,1627385961
Butaritari,3.0707,172.7902,300.62,77,83,3.72,KI,1627385961
Bathsheba,13.2167,-59.5167,301.49,69,40,6.69,BB,1627385961
Torbay,47.6666,-52.7314,290.53,96,90,7.2,CA,1627385962
Viedma,-40.8135,-62.9967,279.48,58,56,11.6,AR,1627385962
Ambilobe,-13.2,49.05,301.65,44,49,3.18,MG,1627385963
Port Elizabeth,-33.918,25.5701,301.54,18,0,6.17,ZA,1627385782
Sawtell,-30.3833,153.1,284.16,94,1,3.6,AU,1627385963
Pucallpa,-8.3791,-74.5539,296.28,80,44,0.57,PE,1627385964
Avera,33.194,-82.5271,297.43,85,13,1.33,US,1627385964
Inhambane,-23.865,35.3833,298.14,44,40,2.06,MZ,1627385965
Tuktoyaktuk,69.4541,-133.0374,280.26,76,100,3.76,CA,1627385965
Sovetskiy,61.3614,63.5842,288.6,41,89,5.44,RU,1627385965
Samarai,-10.6167,150.6667,298.78,88,98,5.39,PG,1627385966
Namatanai,-3.6667,152.4333,299.78,81,18,3.69,PG,1627385966
Haines Junction,60.7522,-137.5108,282.12,93,99,1.54,CA,1627385967
Huambo,-12.7761,15.7392,298.23,14,6,1.9,AO,1627385967
Clyde River,70.4692,-68.5914,277.28,93,90,1.54,CA,1627385967
Vostok,46.4856,135.8833,297.19,76,100,1.38,RU,1627385968
Jamestown,42.097,-79.2353,294.1,95,1,2.57,US,1627385850
Rawson,-43.3002,-65.1023,278.5,68,67,12.0,AR,1627385968
Zaozyornoye,45.1582,33.2787,304.78,39,1,5.96,UA,1627385969
Birjand,32.8663,59.2211,308.41,10,0,10.8,IR,1627385969
Ancud,-41.8697,-73.8203,277.89,82,61,2.12,CL,1627385970
Ţahţā,26.7693,31.5021,312.19,15,2,7.52,EG,1627385970
Nikolskoye,59.7035,30.7861,305.59,28,6,2.69,RU,1627385971
Lempäälä,61.3167,23.75,303.69,33,0,4.63,FI,1627385971
Simga,21.6333,81.7,298.44,74,100,6.17,IN,1627385972
Bethel,41.3712,-73.414,296.44,89,1,0.0,US,1627385972
Camacha,33.0833,-16.3333,295.57,68,75,6.17,PT,1627385972
Sørland,67.667,12.6934,294.19,87,3,5.38,NO,1627385973
Kavaratti,10.5669,72.642,301.01,81,100,7.98,IN,1627385973
Oktyabr'skiy,54.4815,53.471,298.8,35,66,7.32,RU,1627385974
Khatanga,71.9667,102.5,301.79,48,53,5.71,RU,1627385974
Erzin,36.9559,36.2,311.44,33,0,4.4,TR,1627385975
Thinadhoo,0.5333,72.9333,300.93,72,97,1.99,MV,1627385976
Mezen',65.8522,44.24,281.96,78,100,5.98,RU,1627385976
Kualakapuas,-3.0091,114.3876,300.24,77,89,1.43,ID,1627385976
Richards Bay,-28.783,32.0377,298.31,26,2,7.0,ZA,1627385977
Severo-Kuril'sk,50.6789,156.125,287.95,98,91,3.28,RU,1627385977
Castro,-24.7911,-50.0119,291.53,53,43,4.67,BR,1627385978
Mitsamiouli,-11.3847,43.2844,297.73,69,44,4.56,KM,1627385978
Kidal,18.4411,1.4078,311.61,24,86,4.89,ML,1627385979
Cape Town,-33.9258,18.4232,290.52,64,75,2.68,ZA,1627385927
Ponta do Sol,32.6667,-17.1,300.21,64,6,0.73,PT,1627385979
Pevek,69.7008,170.3133,274.42,94,99,7.79,RU,1627385980
Upernavik,72.7868,-56.1549,281.06,87,99,2.35,GL,1627385980
Tazovsky,67.4667,78.7,279.84,94,100,8.23,RU,1627385980
Safford,32.834,-109.7076,298.77,83,1,0.0,US,1627385981
Codrington,-38.2667,141.9667,285.36,92,100,10.12,AU,1627385981
Chui,-33.6971,-53.4616,279.25,75,57,5.53,UY,1627385982
Sakaiminato,35.55,133.2333,301.11,83,75,3.09,JP,1627385982
Qaanaaq,77.484,-69.3632,279.43,90,97,4.44,GL,1627385982
Salair,54.2312,85.7972,289.12,77,57,1.76,RU,1627385983
Bredy,52.4153,60.3411,297.36,27,33,5.03,RU,1627385983
Chu,43.5983,73.7614,307.72,19,0,7.44,KZ,1627385984
Tabory,58.5198,64.5495,290.79,69,100,3.62,RU,1627385984
Talcahuano,-36.7167,-73.1167,274.97,93,0,1.54,CL,1627385985
Vikulovo,56.8167,70.6107,292.21,53,79,4.66,RU,1627385985
Cururupu,-1.8283,-44.8683,299.74,87,35,2.05,BR,1627385948
Vaitape,-16.5167,-151.75,298.83,74,71,3.42,PF,1627385986
Katsuura,35.1333,140.3,302.1,79,13,2.78,JP,1627385986
Constitución,-35.3333,-72.4167,278.57,69,1,4.22,CL,1627385987
Mar del Plata,-38.0023,-57.5575,276.55,60,20,5.36,AR,1627385920
Mildura,-34.2,142.15,293.13,24,90,7.2,AU,1627385773
Almeirim,-1.5233,-52.5817,300.6,69,39,1.77,BR,1627385987
Hong Kong,22.2855,114.1577,306.18,78,96,0.45,HK,1627385765
Ekangala,-25.6962,28.7492,289.98,23,0,4.31,ZA,1627385988
Le Mans,48.0,0.2,291.09,100,75,2.06,FR,1627385988
Manokwari,-0.8667,134.0833,299.96,78,53,1.75,ID,1627385899
Lábrea,-7.2586,-64.7981,298.61,59,61,0.77,BR,1627385989
Karaton,-6.3424,106.1045,300.24,81,13,0.68,ID,1627385989
Esperance,-33.8667,121.9,283.06,67,80,10.64,AU,1627385990
Waingapu,-9.6567,120.2641,297.38,81,50,4.51,ID,1627385990
Geraldton,-28.7667,114.6,289.89,72,90,4.12,AU,1627385991
Karabulak,43.3036,44.8964,297.46,94,100,1.04,RU,1627385991
Santa Isabel Rio Negro,-0.4139,-65.0192,297.41,85,89,0.73,BR,1627385992
Atocha,-20.9333,-66.2333,273.77,42,0,8.06,BO,1627385992
Yulara,-25.2406,130.9889,296.06,23,12,3.6,AU,1627385992
Arraial do Cabo,-22.9661,-42.0278,295.07,73,0,3.09,BR,1627385993
Antalaha,-14.9003,50.2788,297.56,64,49,6.01,MG,1627385993
Thompson,55.7435,-97.8558,281.24,93,20,1.54,CA,1627385994
Denison,33.7557,-96.5367,299.92,86,1,0.0,US,1627385900
Mahébourg,-20.4081,57.7,296.31,78,75,6.17,MU,1627385994
Palana,59.1167,159.9667,280.17,98,100,3.9,RU,1627385995
Kousséri,12.0769,15.0306,302.13,65,75,5.66,CM,1627385995
Caravelas,-17.7125,-39.2481,296.67,77,9,1.29,BR,1627385996
Port Hedland,-20.3167,118.5667,295.18,88,64,4.12,AU,1627385996
Luena,-11.7833,19.9167,296.97,19,97,3.65,AO,1627385996
Vardø,70.3705,31.1107,288.26,100,90,4.12,NO,1627385997
Salinas,36.6777,-121.6555,291.87,84,20,2.06,US,1627385700
Bambous Virieux,-20.3428,57.7575,296.29,78,75,6.17,MU,1627385998
Broome,42.2506,-75.833,293.35,83,1,2.06,US,1627385998
Brae,60.3964,-1.353,286.1,94,100,4.75,GB,1627385998
Sisimiut,66.9395,-53.6735,288.15,61,99,4.7,GL,1627385999
São Filipe,14.8961,-24.4956,297.34,80,37,3.64,CV,1627385999
Oddur,4.1213,43.8894,299.43,52,100,10.07,SO,1627385999
Bhinga,27.7167,81.9333,304.92,71,34,3.6,IN,1627386000
Dunedin,-45.8742,170.5036,282.48,65,74,2.24,NZ,1627385950
Cartagena,10.3997,-75.5144,299.94,100,75,1.54,CO,1627385905
Sinnamary,5.3833,-52.95,299.19,84,39,2.68,GF,1627386001
Lewisporte,49.2499,-55.0482,291.56,95,95,3.02,CA,1627386001
Ribeira Grande,38.5167,-28.7,298.37,69,75,3.6,PT,1627386002
Basco,20.4487,121.9702,301.69,87,98,10.92,PH,1627386003
Ballina,-28.8667,153.5667,287.25,88,0,2.57,AU,1627386004
Chardara,41.2547,67.9692,308.93,19,0,11.15,KZ,1627386004
Saint Paul Harbor,57.79,-152.4072,283.88,76,1,2.06,US,1627386005
Provideniya,64.3833,-173.3,281.36,99,100,4.68,RU,1627386005
Warrnambool,-38.3833,142.4833,285.9,88,94,11.53,AU,1627386006
Ust-Maya,60.4167,134.5333,292.22,76,26,1.29,RU,1627386006
Marfino,55.7028,37.3822,301.75,28,0,3.0,RU,1627386007
Lowestoft,52.4752,1.7516,296.45,90,100,5.15,GB,1627386007
Bilibino,68.0546,166.4372,278.57,80,21,3.43,RU,1627386008
‘Āhuimanu,21.4447,-157.8378,298.99,71,20,5.14,US,1627386008
Iqaluit,63.7506,-68.5145,282.0,81,75,4.02,CA,1627386008
Lüderitz,-26.6481,15.1594,292.46,56,7,4.39,NA,1627386009
Lichinga,-13.3128,35.2406,290.2,55,75,5.14,MZ,1627386009
Srednekolymsk,67.45,153.6833,282.52,58,95,4.85,RU,1627386010
Ilulissat,69.2167,-51.1,287.16,58,75,3.6,GL,1627386010
Kalmunai,7.4167,81.8167,304.94,58,92,1.26,LK,1627386010
Krechevitsy,58.617,31.401,301.72,33,11,2.49,RU,1627386011
Changping,40.2186,116.2197,299.24,80,81,4.47,CN,1627386011
St. George's,12.0564,-61.7485,299.97,83,40,0.0,GD,1627385732
Bowen,-20.0167,148.2333,287.27,74,34,3.43,AU,1627386012
Denizli Province,37.8402,29.0698,306.62,17,0,4.52,TR,1627386013
Harlingen,26.1906,-97.6961,299.76,99,1,0.0,US,1627386013
Bolobo,-2.1667,16.2333,307.37,21,78,2.1,CD,1627386013
Orangeburg,33.4918,-80.8557,298.61,94,1,2.06,US,1627386014
Zhigansk,66.7697,123.3711,289.5,58,14,5.55,RU,1627386014
Kamenka,51.3223,42.7678,302.32,30,27,5.15,RU,1627386015
San Antonio,29.4241,-98.4936,297.91,92,1,0.0,US,1627386003
Deputatsky,69.3,139.9,278.7,70,74,4.14,RU,1627386016
Havøysund,70.9963,24.6622,291.64,77,2,2.92,NO,1627386016
Itarema,-2.9248,-39.9167,301.41,59,88,7.84,BR,1627386017
Hede,33.7681,120.2517,298.31,96,100,9.61,CN,1627386017
Gizo Government Station,-8.103,156.8419,300.44,81,95,3.95,SB,1627386018
Carpi,44.7824,10.8777,303.37,35,91,3.04,IT,1627386018
Cairns,-16.9167,145.7667,295.12,73,40,2.57,AU,1627386018
Hobart,-42.8794,147.3294,287.05,60,75,3.58,AU,1627385862
Takoradze,4.8845,-1.7554,300.29,64,100,5.04,GH,1627386019
Taoudenni,22.6783,-3.9836,317.81,5,11,0.35,ML,1627386019
Norman Wells,65.282,-126.8329,280.17,93,75,1.54,CA,1627386020
Airai,-8.9266,125.4092,287.74,90,69,1.57,TL,1627386020
Laguna,38.421,-121.4238,300.06,50,1,0.45,US,1627386021
Vila Franca do Campo,37.7167,-25.4333,295.38,79,53,3.17,PT,1627386021
Isangel,-19.55,169.2667,294.72,69,76,5.53,VU,1627386021
Bassila,9.0081,1.6654,299.01,73,99,3.35,BJ,1627386022
Hilo,19.7297,-155.09,296.07,94,90,0.0,US,1627386022
Shimoda,34.6667,138.95,297.65,85,100,2.3,JP,1627386023
Arrondissement de Saint-Denis,48.9167,2.3333,291.92,89,75,4.12,FR,1627386023
Gazojak,41.1875,61.4036,311.33,11,0,8.79,TM,1627386023
Salalah,17.0151,54.0924,301.2,83,75,6.17,OM,1627386024
Tilichiki,60.4667,166.1,281.89,93,100,2.8,RU,1627386025
San Vicente,-26.6167,-54.1333,282.86,97,100,3.42,AR,1627386025
Ntoum,0.3833,9.7833,300.02,49,54,2.7,GA,1627386025
Arys,42.4252,68.795,310.27,12,0,11.17,KZ,1627386026
Kendari,-3.945,122.4989,297.79,88,49,1.24,ID,1627386026
Terra Santa,-2.1042,-56.4869,300.88,54,3,1.31,BR,1627386027
Lebu,-37.6167,-73.65,279.53,77,2,8.21,CL,1627386027
Itacoatiara,-3.1431,-58.4442,299.43,60,0,1.05,BR,1627386027
Te Anau,-45.4167,167.7167,279.79,94,89,2.74,NZ,1627386028
Liverpool,53.4106,-2.9779,295.53,74,90,0.89,GB,1627386028
Port Blair,11.6667,92.75,301.43,84,48,8.19,IN,1627386029
Sirte,31.2089,16.5887,302.04,53,0,5.79,LY,1627386029
Borgarnes,64.5383,-21.9206,287.18,83,83,6.3,IS,1627386030
Baruun-Urt,46.6806,113.2792,293.12,50,63,1.84,MN,1627386030
Berlevåg,70.8578,29.0864,287.04,87,28,6.17,NO,1627386030
Ongandjera,-17.8833,15.0667,297.32,18,0,4.81,NA,1627386031
Uglegorsk,49.0833,142.0333,292.08,97,99,0.79,RU,1627386031
Indramayu,-6.3264,108.32,300.05,61,21,4.56,ID,1627386032
Olinda,-8.0089,-34.8553,296.0,83,40,2.06,BR,1627386033
Kandrian,-6.2167,149.55,298.5,89,28,1.99,PG,1627386033
Bredasdorp,-34.5322,20.0403,293.77,37,0,2.57,ZA,1627386034
Skibbereen,51.55,-9.2667,290.04,58,93,5.37,IE,1627386034
Tsimmerbude,54.675,20.1347,299.18,59,79,3.62,RU,1627386034
Marawi,7.9986,124.2928,294.99,87,100,2.99,PH,1627386035
Suclayin,15.7568,121.5503,300.72,81,78,3.74,PH,1627386035
Finote Selam,10.7,37.2667,293.27,81,90,2.05,ET,1627386036
Longyearbyen,78.2186,15.6401,281.06,81,75,1.54,SJ,1627386023
Ürümqi,43.801,87.6005,310.68,13,0,4.0,CN,1627386036
Coyhaique,-45.5752,-72.0662,275.12,80,0,2.06,CL,1627386037
Rawa Mazowiecka,51.7644,20.2549,303.59,47,23,3.52,PL,1627386037
Tiksi,71.6872,128.8694,276.25,92,91,3.96,RU,1627386038
Yar-Sale,66.8333,70.8333,288.6,49,48,4.43,RU,1627386038
Saint-Joseph,-21.3667,55.6167,296.35,72,87,5.28,RE,1627386038
George Town,5.4112,100.3354,304.12,70,20,2.06,MY,1627385870
Yumen,40.2833,97.2,304.64,11,17,5.45,CN,1627386039
Batemans Bay,-35.7167,150.1833,288.66,73,46,4.12,AU,1627386040
Hailey,43.5196,-114.3153,290.07,39,1,3.09,US,1627386040
Syamzha,60.0158,41.0614,295.77,29,36,3.93,RU,1627386040
Sal Rei,16.1833,-22.9167,299.46,65,75,4.63,CV,1627386041
Cayenne,4.9333,-52.3333,300.17,89,75,0.51,GF,1627386020
Saint George,37.1041,-113.5841,297.23,89,1,0.45,US,1627386042
Manta,-0.95,-80.7333,295.03,88,90,3.6,EC,1627385984
Weatherford,32.7593,-97.7972,300.35,83,100,3.05,US,1627386042
Hokitika,-42.7167,170.9667,281.32,85,78,1.35,NZ,1627386043
Sidhi,24.4167,81.8833,299.88,85,100,6.54,IN,1627386043
Mastic Beach,40.7668,-72.8521,297.77,83,0,1.54,US,1627386043
Santa Maria,-29.6842,-53.8069,280.76,93,20,1.54,BR,1627386044
Bela,25.9333,81.9833,305.35,66,98,1.8,IN,1627386044
Oranjemund,-28.55,16.4333,290.85,59,0,3.41,NA,1627386045
Launceston,-41.45,147.1667,285.95,76,90,5.81,AU,1627386020
Port Alfred,-33.5906,26.891,299.52,27,10,10.68,ZA,1627386045
Abu Samrah,35.3029,37.1841,311.28,16,0,6.87,SY,1627386046
Sturgeon Falls,46.3646,-79.9326,290.98,82,99,3.97,CA,1627386046
Taltal,-25.4,-70.4833,286.85,63,4,1.52,CL,1627386046
Unity,52.4501,-109.1682,289.01,63,1,3.32,CA,1627386047
Hengyang,26.8881,112.615,303.69,62,94,2.39,CN,1627386047
Beloha,-25.1667,45.05,293.54,54,73,7.11,MG,1627386048
Camapuã,-19.5314,-54.0439,297.63,38,4,2.81,BR,1627386048
Ishigaki,24.3448,124.1572,302.22,89,75,3.09,JP,1627386049
Diamantino,-14.4086,-56.4461,298.88,39,5,1.8,BR,1627386049
Ambunti,-4.2365,142.8448,297.93,92,67,1.28,PG,1627386050
Kupang,-10.1667,123.5833,299.47,65,20,6.17,ID,1627386050
San Patricio,28.017,-97.5169,300.28,91,5,1.95,US,1627386050
Matagami,49.7502,-77.6328,280.21,100,40,1.03,CA,1627386051
Nizwá,22.9333,57.5333,314.33,21,38,6.27,OM,1627386051
Birin,26.8865,88.0718,293.25,93,100,1.17,NP,1627386052
Mbini,1.574,9.6134,299.85,72,96,3.8,GQ,1627386052
Mogadishu,2.0371,45.3438,301.08,57,75,9.26,SO,1627386053
Mizdah,31.4451,12.9801,305.92,21,0,4.12,LY,1627386053
Hvide Sande,56.0045,8.1294,294.31,100,75,2.57,DK,1627386054
Hanko,59.8333,22.95,303.34,72,85,7.3,FI,1627386054
Borgo San Lorenzo,43.9553,11.3835,304.57,39,98,4.88,IT,1627386054
Sławno,54.3628,16.6789,296.31,68,83,4.56,PL,1627386055
Margate,51.3813,1.3862,294.92,72,100,0.89,GB,1627386055
Kruisfontein,-34.0033,24.7314,300.31,21,0,9.8,ZA,1627386056
Kindu,-2.95,25.95,309.07,20,69,1.46,CD,1627386056
Bluff,-46.6,168.3333,281.93,76,92,7.63,NZ,1627386057
Lincoln,40.8,-96.667,295.53,86,1,0.89,US,1627386057
Nong’an,44.382,125.1685,303.48,70,69,1.15,CN,1627386058
Osijek,45.5511,18.6939,310.05,31,0,3.6,HR,1627386058
Sangar,63.9242,127.4739,288.84,64,1,1.51,RU,1627386059
Dalvik,65.9702,-18.5286,284.11,85,100,4.42,IS,1627386059
Shingū,33.7333,135.9833,298.57,80,95,2.32,JP,1627386059
San Juan,-31.5375,-68.5364,278.17,52,1,3.06,AR,1627386042
Ust-Tsilma,65.441,52.1498,284.08,83,81,5.08,RU,1627386060
Pangai,-19.8,-174.35,297.19,75,98,6.27,TO,1627386061
Sechura,-5.5569,-80.8222,292.88,81,98,5.36,PE,1627386061
Oranjestad,12.524,-70.027,300.12,89,20,4.63,AW,1627386061
Dauphin,51.1494,-100.0502,284.23,62,1,1.54,CA,1627386062
Poya,-21.35,165.15,290.93,76,7,1.8,NC,1627386062
Sarakhs,36.5449,61.1577,312.23,11,0,18.52,IR,1627386063
Pavlohrad,48.5167,35.8667,305.68,32,3,3.4,UA,1627386063
Tagāb,34.855,69.6492,313.1,13,0,5.08,AF,1627386064
Ciudad Bolivar,8.1222,-63.5497,298.61,87,54,2.63,VE,1627386064
Saskylakh,71.9167,114.0833,291.2,57,47,6.16,RU,1627386065
Kumul,42.8,93.45,310.68,10,53,6.43,CN,1627386065
Monte Alegre,-2.0078,-54.0692,299.96,57,11,1.63,BR,1627386066
Singaraja,-8.112,115.0882,298.76,79,55,0.99,ID,1627386066
Balsas,-7.5325,-46.0356,301.5,39,4,3.84,BR,1627386066
Vitré,48.1178,-1.2058,292.04,93,100,4.77,FR,1627386067
Hope,33.6671,-93.5916,299.18,75,66,1.45,US,1627386067
Senneterre,48.3835,-77.2328,283.27,76,94,1.41,CA,1627386068
Xining,36.6167,101.7667,289.0,69,56,1.64,CN,1627385879
Shīeli,44.1667,66.75,307.61,14,0,7.84,KZ,1627386068
Tsaratanana,-16.7833,47.65,300.82,33,1,3.34,MG,1627386069
Kano,12.0001,8.5167,300.09,74,75,5.66,NG,1627386069
Chokurdakh,70.6333,147.9167,276.39,81,100,4.82,RU,1627386070
Morón,-34.6534,-58.6198,278.69,56,1,2.68,AR,1627386070
Kemijärvi,66.7131,27.4306,298.47,41,4,1.01,FI,1627386071
Touros,-5.1989,-35.4608,298.65,67,29,6.78,BR,1627386071
Ryde,50.73,-1.1621,293.68,93,92,2.24,GB,1627386072
Cidreira,-30.1811,-50.2056,285.11,82,100,7.69,BR,1627386072
Ingleside,27.8778,-97.2117,300.36,92,1,1.54,US,1627385907
Labuhan,-6.8844,112.2051,299.4,73,41,3.44,ID,1627386073
Pankovka,58.5,31.1999,301.28,34,29,2.59,RU,1627386073
Atar,20.5169,-13.0499,312.01,15,3,2.95,MR,1627386074
Fortuna,40.5982,-124.1573,290.48,95,90,0.0,US,1627386074
Raudeberg,61.9875,5.1352,294.52,89,100,1.78,NO,1627386075
Teknāf,20.8624,92.3058,299.91,90,99,6.05,BD,1627386075
Sohag,26.557,31.6948,312.49,14,16,7.77,EG,1627386075
Ugoofaaru,5.6667,73.0,300.47,80,100,8.27,MV,1627386062
Novo Aripuanã,-5.1206,-60.3797,298.85,65,97,0.61,BR,1627386076
Trojan,53.7897,20.2404,300.19,48,71,4.78,PL,1627386076
Dingle,10.9995,122.6711,300.02,79,93,6.16,PH,1627386077
Nālūt,30.3333,10.85,309.7,11,0,2.28,LY,1627386077
Beringovskiy,63.05,179.3167,283.15,96,100,3.28,RU,1627386078
Thessalon,46.2501,-83.5666,291.42,79,100,2.23,CA,1627386078
Ambāgarh Chauki,20.7833,80.7167,300.26,72,100,5.6,IN,1627386079
São Geraldo do Araguaia,-6.4006,-48.555,301.91,36,10,1.08,BR,1627386079
Puri,19.8,85.85,302.8,91,100,3.23,IN,1627386079
Vologda,59.2187,39.8886,298.29,40,83,2.96,RU,1627386080
Itaituba,-4.2761,-55.9836,297.24,94,0,0.0,BR,1627386080
Zhangjiakou,40.81,114.8794,297.54,68,36,1.66,CN,1627386081
Nicoya,10.1483,-85.452,296.01,93,95,0.56,CR,1627386081
Saldanha,-33.0117,17.9442,290.18,76,32,8.01,ZA,1627386082
Mayor Pablo Lagerenza,-19.9309,-60.7718,290.81,44,100,5.33,PY,1627386082
Oparino,59.8518,48.2783,288.08,52,70,3.37,RU,1627386083
Kozan,37.4552,35.8157,311.65,15,0,8.6,TR,1627386083
Asău,46.4333,26.4,302.75,53,61,0.84,RO,1627386084
Santa Rosa,14.3122,121.1114,302.14,90,94,6.35,PH,1627386084
Laas,46.6166,10.7002,295.38,69,58,3.11,IT,1627386084
Narganá,9.4428,-78.5906,298.96,83,85,1.42,PA,1627386085
Mumbwa,-14.9783,27.0619,294.97,27,64,4.3,ZM,1627386085
Porto-Novo,6.4965,2.6036,300.81,58,100,5.07,BJ,1627386086
Nola,40.922,14.5329,311.57,26,76,3.06,IT,1627386086
Nizhniy Mamon,50.1937,40.5083,304.11,25,0,3.57,RU,1627386087
Hasaki,35.7333,140.8333,297.31,73,65,6.82,JP,1627386087
Khorixas,-20.3667,14.9667,298.02,17,0,6.09,NA,1627386087
Kungurtug,50.5994,97.5228,291.7,80,79,0.91,RU,1627386088
Yairipok,24.6667,94.0667,296.52,94,87,1.82,IN,1627386088
Mayumba,-3.432,10.6554,298.71,71,78,4.36,GA,1627386089
Port Macquarie,-31.4333,152.9167,284.13,93,4,0.0,AU,1627386089
Guerrero Negro,27.9769,-114.0611,292.53,85,0,3.71,MX,1627386089
Lagoa,39.05,-27.9833,294.65,89,100,4.95,PT,1627386090
Kroya,-7.6331,109.2461,298.1,78,12,2.58,ID,1627386090
Poum,-20.2333,164.0167,295.25,63,76,4.81,NC,1627386091
Philadelphia,39.9523,-75.1638,298.7,76,20,0.45,US,1627386037
Monywa,22.1167,95.1333,301.34,70,90,7.68,MM,1627386092
Buala,-8.145,159.5921,299.85,84,90,3.99,SB,1627386092
Rocha,-34.4833,-54.3333,278.56,58,53,6.94,UY,1627386092
Faya,18.3851,42.4509,297.21,60,91,3.54,SA,1627386093
Forsytheganj,52.6333,29.7333,303.97,34,53,6.23,BY,1627386094
Esim,4.8699,-2.2405,300.45,63,100,4.94,GH,1627386094
Gubkinskiy,64.434,76.5026,289.61,53,88,3.22,RU,1627386094
Amahai,-3.3333,128.9167,299.06,85,44,1.15,ID,1627386095
Faanui,-16.4833,-151.75,298.83,74,74,3.4,PF,1627386095
Nanortalik,60.1432,-45.2371,280.56,80,100,1.2,GL,1627386096
Olafsvik,64.8945,-23.7142,284.1,74,60,7.24,IS,1627386096
Nemuro,43.3236,145.575,289.57,100,100,1.65,JP,1627386097
Bengkulu,-3.8004,102.2655,299.75,75,3,2.92,ID,1627386097
Port-Cartier,50.0334,-66.8654,289.27,97,100,1.02,CA,1627386097
Tura,25.5198,90.2201,298.64,96,100,1.72,IN,1627386098
Derzhavīnsk,51.1,66.3167,296.29,27,6,4.73,KZ,1627386098
Kultuk,51.7208,103.6956,289.9,82,25,0.34,RU,1627386099
Huarmey,-10.0681,-78.1522,291.24,87,63,2.44,PE,1627386099
Manggar,-2.8833,108.2667,300.6,72,92,5.19,ID,1627386099
Along,28.1667,94.7667,298.61,95,100,0.19,IN,1627386100
Xuanzhou,30.9525,118.7553,297.95,98,100,4.75,CN,1627386100
Gort,53.0664,-8.8167,291.01,91,100,2.45,IE,1627386101
Grindavik,63.8424,-22.4338,287.12,82,0,7.72,IS,1627386101
Vestmanna,62.1564,-7.1664,284.66,100,90,2.06,FO,1627386101
Aasiaat,68.7098,-52.8699,279.41,86,98,4.29,GL,1627386102
Garoowe,8.4054,48.4845,302.53,39,76,13.71,SO,1627386102
Abbeville,50.1,1.8333,294.64,78,100,3.42,FR,1627385864
Kavieng,-2.5744,150.7967,301.37,76,61,5.47,PG,1627386103
Mahibadhoo,3.7833,72.9667,300.62,78,93,4.78,MV,1627386104
Karratha,-20.7377,116.8463,295.71,76,58,6.02,AU,1627386104
Bonavista,48.6499,-53.1147,289.88,95,89,7.43,CA,1627386104
Broken Hill,-31.95,141.4333,291.99,22,21,9.77,AU,1627386105
Kahului,20.8947,-156.47,298.62,89,20,7.72,US,1627385991
Palmer,42.1584,-72.3287,295.79,91,20,0.0,US,1627386105
Henties Bay,-22.116,14.2845,296.76,37,0,3.87,NA,1627386106
Conceição do Araguaia,-8.2578,-49.2647,300.9,31,17,2.1,BR,1627386106
Baykit,61.67,96.37,303.94,31,14,3.43,RU,1627386107
Salta,-24.7859,-65.4117,281.31,68,90,0.89,AR,1627386107
Panshi,42.9422,126.0561,297.95,74,16,1.56,CN,1627386108
Onokhino,56.925,65.5394,290.33,85,65,2.73,RU,1627386108
Kombissiri,12.0656,-1.3375,300.14,50,100,5.39,BF,1627386108
Moerai,-22.4333,-151.3333,296.66,82,100,7.96,PF,1627386109
Hofn,64.2539,-15.2082,283.16,93,90,4.12,IS,1627386109
Boda,4.3189,17.4695,301.12,60,98,2.9,CF,1627386110
Bandarbeyla,9.4942,50.8122,303.11,51,62,13.56,SO,1627386110
Praxédis Guerrero,31.3667,-106.0167,298.44,58,42,0.82,MX,1627386111
Zhaotong,27.3167,103.7167,290.53,93,48,3.04,CN,1627386112
Americus,32.0724,-84.2327,298.68,83,67,0.0,US,1627386112
Sobolevo,54.4299,31.8996,296.66,57,83,5.28,RU,1627386112
Konstanz,47.6603,9.1758,299.54,67,85,1.03,DE,1627386113
Muli,2.9167,73.5667,301.33,73,100,4.47,MV,1627386113
Kaitangata,-46.2817,169.8464,280.33,69,83,2.34,NZ,1627386114
Mehamn,71.0357,27.8492,285.12,76,0,2.57,NO,1627386114
Agüimes,27.9054,-15.4461,296.5,61,75,12.35,ES,1627386115
Sakakah,29.9697,40.2064,317.91,10,0,5.09,SA,1627386115
Kaputa,-8.4689,29.6619,297.26,32,79,1.38,ZM,1627386116
Vestmannaeyjar,63.4427,-20.2734,286.7,67,75,4.12,IS,1627386116
Kalevala,65.2,31.1667,297.18,34,9,1.61,RU,1627386117
Merrill,45.1805,-89.6835,290.83,97,90,0.0,US,1627386117
Nelson Bay,-32.7167,152.15,287.04,86,18,0.45,AU,1627386118
Puerto Escondido,15.85,-97.0667,298.43,81,76,1.93,MX,1627386118
Santa Luzia,-19.7697,-43.8514,292.23,77,0,1.03,BR,1627386118
Kikwit,-5.041,18.8162,307.84,11,53,2.92,CD,1627386119
Khāsh,28.2211,61.2158,311.05,11,52,7.82,IR,1627386119
Khovd,48.0056,91.6419,294.38,49,69,3.33,MN,1627386120
Rio de Janeiro,-22.9028,-43.2075,299.12,72,0,3.6,BR,1627386006
Romny,50.751,33.4747,303.66,30,19,3.02,UA,1627386120
Christchurch,-43.5333,172.6333,280.37,87,34,0.89,NZ,1627386004
Pagudpud,18.5616,120.7868,299.13,88,100,8.16,PH,1627386121
Quatre Cocos,-20.2078,57.7625,296.21,77,50,6.09,MU,1627386121
Suez,29.9737,32.5263,310.41,22,0,5.05,EG,1627386122
Prince Rupert,54.3161,-130.3201,286.2,88,90,1.54,CA,1627386122
Jilib,0.4883,42.7854,302.18,50,95,7.88,SO,1627386123
Haimen,23.1935,116.6142,305.09,79,97,6.4,CN,1627386123
Araouane,18.9048,-3.5265,311.52,27,100,7.91,ML,1627386123
Kununurra,-15.7667,128.7333,300.14,61,82,4.63,AU,1627386124
Haguenau,48.8156,7.7905,298.53,11,100,1.79,FR,1627386124
Ilkeston,52.9706,-1.3095,294.94,75,20,1.03,GB,1627385997
Mollendo,-17.0231,-72.0147,288.63,85,95,3.9,PE,1627386125
Bongandanga,1.5,21.05,307.35,29,85,1.87,CD,1627386125
La Santisima Trinidad,-14.8333,-64.9,296.14,88,64,0.0,BO,1627386126
Arrondissement de Saverne,48.8333,7.25,297.36,72,100,1.29,FR,1627386126
Zaoyang,32.1272,112.7542,299.46,76,6,4.21,CN,1627386127
Newberry,34.2746,-81.6187,296.58,95,77,0.76,US,1627385965
Ust'-Barguzin,53.45,108.9833,291.13,64,57,3.84,RU,1627386127
Urusha,54.05,122.9,292.23,72,100,1.85,RU,1627386128
Noumea,-22.2763,166.4572,290.14,69,0,3.83,NC,1627386128
Novyy Urgal,51.0736,132.5642,293.71,96,100,0.25,RU,1627386128
Sibolga,1.7427,98.7792,299.69,85,89,0.24,ID,1627386129
Mosquera,4.7059,-74.2302,284.2,87,40,2.06,CO,1627386129
Merke,42.8728,73.1786,305.62,30,11,5.11,KZ,1627386130
San Miguel de Cozumel,20.5083,-86.9458,297.14,77,32,3.44,MX,1627386130
Tocopilla,-22.092,-70.1979,288.63,65,7,2.86,CL,1627386113
Antofagasta,-23.65,-70.4,285.75,71,37,2.46,CL,1627386074
Portland,45.5234,-122.6762,291.82,81,75,0.89,US,1627386109
Ostrovnoy,68.0531,39.5131,282.39,77,85,7.61,RU,1627386131
Aklavik,68.2191,-135.0107,285.61,83,99,1.1,CA,1627386132
Luanda,-8.8368,13.2343,298.15,69,75,2.57,AO,1627385847
Kinsale,51.7075,-8.5306,289.8,72,75,8.75,IE,1627386132
Lavrentiya,65.5833,-171.0,279.6,99,100,2.01,RU,1627386133
Porto Torres,40.835,8.3972,301.25,58,66,4.91,IT,1627386133
Saint-Pierre,-21.3393,55.4781,295.97,70,90,10.8,RE,1627386133
Cap Malheureux,-19.9842,57.6142,296.42,71,36,3.13,MU,1627386134
Susuman,62.7833,148.1667,279.08,87,84,2.35,RU,1627386134
Moose Factory,51.2585,-80.6094,286.15,82,75,1.54,CA,1627386135
Alvorada,-12.48,-49.1247,300.82,27,9,2.04,BR,1627386135
Talnakh,69.4865,88.3972,303.12,41,85,6.56,RU,1627386135
Mossamedes,-15.1961,12.1522,298.55,46,0,4.6,AO,1627386136
Kokopo,-4.352,152.2633,298.86,82,13,3.68,PG,1627386136
Mbanza-Ngungu,-5.25,14.8667,306.13,16,39,1.27,CD,1627386137
Makakilo City,21.3469,-158.0858,298.33,69,40,2.57,US,1627386137
Saint-Augustin,51.226,-58.6502,288.3,97,100,2.17,CA,1627386138
Mungwi,-10.1732,31.3694,296.22,26,31,3.75,ZM,1627386138
Sahuaripa,29.05,-109.2333,295.34,80,92,0.91,MX,1627386139
Ciudad del Maíz,22.4,-99.6,289.41,92,11,1.08,MX,1627386140
Nome,64.5011,-165.4064,283.19,93,90,5.66,US,1627386140
La Paz,-16.5,-68.15,274.14,64,20,2.06,BO,1627386140
De-Kastri,51.4667,140.7833,292.2,99,100,0.46,RU,1627386141
Cruzeiro do Sul,-29.5128,-51.9853,284.0,90,99,3.28,BR,1627386141
Fernie,49.5,-115.0687,291.69,41,95,0.85,CA,1627386142
Laurens,32.4502,-82.9165,298.46,93,1,0.0,US,1627386142
Tarakan,3.3,117.6333,300.87,83,20,1.54,ID,1627385968
Semporna,4.4818,118.6112,301.26,81,42,3.41,MY,1627386143
Miyako,39.6367,141.9525,294.77,96,78,1.89,JP,1627386143
Marsh Harbour,26.5412,-77.0636,301.43,75,1,4.15,BS,1627386143
Manakara,-22.1333,48.0167,294.13,72,27,4.7,MG,1627386144
São João da Barra,-21.6403,-41.0511,293.2,61,0,4.54,BR,1627386144
Fairbanks,64.8378,-147.7164,289.13,77,90,3.6,US,1627385914
Sidi Ali,36.0998,0.4206,301.27,53,0,5.54,DZ,1627386145
Guatire,10.4762,-66.5427,298.53,95,78,1.01,VE,1627386145
Teya,60.3778,92.6267,290.78,96,97,2.16,RU,1627386146
Linxia Chengguanzhen,35.6003,103.2064,289.7,78,100,1.96,CN,1627386146
Praia da Vitória,38.7333,-27.0667,296.29,88,75,5.12,PT,1627386147
Florø,61.5996,5.0328,296.19,73,40,3.09,NO,1627386147
Zhangye,38.9342,100.4517,301.89,18,85,6.18,CN,1627386147
Hualmay,-11.0964,-77.6139,290.45,87,53,2.5,PE,1627386148
Buchanan,5.8808,-10.0467,299.23,79,72,6.03,LR,1627386148
Oropesa,-13.5928,-71.7719,275.07,69,0,1.03,PE,1627386149
Bucerías,20.75,-105.3333,299.14,89,40,0.0,MX,1627386149
Ōdachō-ōda,35.1833,132.5,300.58,88,89,2.1,JP,1627386150
Bac Giang,21.2667,106.2,305.1,64,86,2.22,VN,1627386150
Mareeba,-17.0,145.4333,292.55,89,72,1.18,AU,1627386150
Pinawa,50.1489,-95.8811,288.49,75,0,1.23,CA,1627386151
Bairiki Village,1.3292,172.9752,301.15,78,75,1.03,KI,1627386151
Kefamenanu,-9.4467,124.4781,293.51,88,59,1.91,ID,1627386152
Minbu,20.1833,94.8833,298.65,88,96,5.03,MM,1627386152
Barkly West,-28.5354,24.5215,290.75,18,11,6.8,ZA,1627386153
Aswān,24.0934,32.907,315.14,10,38,7.45,EG,1627386153
Bolshoy Lug,52.0779,104.0919,298.25,66,1,1.91,RU,1627386153
Villavieja,39.85,-0.1833,304.53,61,6,2.24,ES,1627386154
Isiro,2.7739,27.616,298.77,65,83,1.6,CD,1627386099
Lucapa,-8.4192,20.7447,302.04,15,29,3.37,AO,1627386154
Mana,5.6592,-53.7767,299.14,85,72,2.3,GF,1627386155
Maun,-19.9833,23.4167,293.13,30,0,3.6,BW,1627386155
Prieska,-29.6641,22.7474,293.89,20,0,11.9,ZA,1627386156
Merritt Island,28.5392,-80.672,299.85,91,1,2.57,US,1627386156
Pahrump,36.2083,-115.9839,298.21,58,0,1.37,US,1627386157
Muros,42.7762,-9.0603,297.17,75,67,4.69,ES,1627386157
Port Hope,43.9408,-82.7127,294.19,83,55,2.57,US,1627386080
Maniitsoq,65.4167,-52.9,283.91,78,100,5.25,GL,1627386158
Béboto,8.2668,16.939,294.9,97,100,2.6,TD,1627386158
Santoña,43.4439,-3.4576,298.1,65,52,4.09,ES,1627386158
Lazurne,46.084,32.5295,307.4,48,1,4.51,UA,1627386159
Kiyasovo,56.3491,53.1244,293.61,41,45,6.94,RU,1627386159
Saint-Félicien,48.6501,-72.4491,285.53,87,75,3.09,CA,1627386160
Pisco,-13.7,-76.2167,287.05,94,75,0.51,PE,1627386160
Nara,34.6851,135.8049,301.77,94,97,1.83,JP,1627386160
Léo,11.1,-2.1,303.46,51,98,4.39,BF,1627386161
Ponta Delgada,37.7333,-25.6667,295.55,88,75,4.63,PT,1627386161
Plettenberg Bay,-34.0527,23.3716,295.78,42,0,3.53,ZA,1627386162
Hastings,50.8552,0.5729,294.93,86,98,5.49,GB,1627386041
Myitkyina,25.3833,97.4,299.22,96,100,0.54,MM,1627386162
Balaipungut,1.05,101.2833,304.38,58,30,0.46,ID,1627386069
Haysville,37.5645,-97.3523,295.37,89,1,0.0,US,1627386163
Alice Springs,-23.7,133.8833,298.9,24,8,5.66,AU,1627386164
Caucaia,-3.7361,-38.6531,300.97,67,0,6.69,BR,1627385991
Togur,58.3631,82.8265,289.4,61,94,3.43,RU,1627386165
Yaan,7.3833,8.5667,300.55,59,100,4.46,NG,1627386165
Norfolk,42.1668,-71.2495,296.74,81,16,2.62,US,1627386165
Glenwood Springs,39.5505,-107.3248,293.72,68,1,0.0,US,1627386166
Aykhal,66.0,111.5,301.04,43,20,2.48,RU,1627386166
Opuwo,-18.0607,13.84,297.46,18,0,5.5,NA,1627386167
Riohacha,11.5444,-72.9072,299.33,87,94,3.7,CO,1627386100
Bintulu,3.1667,113.0333,302.38,79,20,0.0,MY,1627386167
